200
O20 ab
4 4
0 14
1 7
2 14
3 7
0 1 5
1 2 6
2 3 5
3 0 6
O23 A
6 6
0 10
1 10
2 15
3 16
4 2
5 2
0 4 12
1 2 5
2 3 4
3 4 4
4 1 12
5 2 4
O20 ab
6 6
0 14
1 7
2 14
3 7
4 14
5 7
0 1 5
1 2 6
2 3 5
3 4 6
4 5 5
5 0 6
O24
8 8
0 31
1 19
2 24
3 31
4 19
5 24
6 10
7 10
0 1 33
1 2 4
2 3 32
3 4 33
4 5 4
5 0 32
6 1 6
7 4 6
O20 ab
6 6
0 14
1 7
2 14
3 7
4 14
5 7
0 1 5
1 2 6
2 3 5
3 4 6
4 5 5
5 0 6
O25
10 10
0 19
1 19
2 10
3 11
4 2
5 10
6 11
7 2
8 0
9 0
0 2 12
1 5 12
2 3 4
3 4 4
4 5 5
5 6 4
6 7 4
7 2 5
8 2 4
9 5 4
O20 ab
6 6
0 14
1 7
2 14
3 7
4 14
5 7
0 1 5
1 2 6
2 3 5
3 4 6
4 5 5
5 0 6
O26
6 6
0 0
1 11
2 2
3 0
4 11
5 2
0 1 5
1 2 4
2 3 4
3 4 5
4 5 4
5 0 4
O20 ab
6 6
0 14
1 7
2 14
3 7
4 14
5 7
0 1 5
1 2 6
2 3 5
3 4 6
4 5 5
5 0 6
O27
12 12
0 19
1 19
2 19
3 19
4 7
5 19
6 24
7 7
8 19
9 24
10 34
11 34
0 4 6
1 6 12
2 7 6
3 9 12
4 5 12
5 6 4
6 7 5
7 8 12
8 9 4
9 4 5
10 4 4
11 7 4
O20 ab
4 4
0 14
1 7
2 14
3 7
0 1 5
1 2 6
2 3 5
3 0 6
O28 ab
4 4
0 19
1 35
2 2
3 18
0 1 4
1 2 36
2 3 4
3 0 4
O20 ab
4 4
0 14
1 7
2 14
3 7
0 1 5
1 2 6
2 3 5
3 0 6
O28 ac
4 4
0 35
1 2
2 37
3 18
0 1 36
1 2 4
2 3 4
3 0 6
O20 ab
4 4
0 14
1 7
2 14
3 7
0 1 5
1 2 6
2 3 5
3 0 6
O29
6 6
0 10
1 7
2 35
3 19
4 11
5 2
0 1 12
1 4 4
2 3 38
3 4 5
4 5 4
5 2 4
O20 ab
6 6
0 14
1 7
2 14
3 7
4 14
5 7
0 1 5
1 2 6
2 3 5
3 4 6
4 5 5
5 0 6
O30
8 8
0 2
1 2
2 19
3 29
4 18
5 19
6 29
7 18
0 3 6
1 6 6
2 3 5
3 4 4
4 5 5
5 6 5
6 7 4
7 2 5
O20 ab
10 10
0 14
1 7
2 14
3 7
4 14
5 7
6 14
7 7
8 14
9 7
0 1 5
1 2 6
2 3 5
3 4 6
4 5 5
5 6 6
6 7 5
7 8 6
8 9 5
9 0 6
O32
10 10
0 7
1 29
2 15
3 39
4 2
5 7
6 29
7 15
8 39
9 2
0 1 5
1 2 12
2 3 5
3 4 5
4 5 12
5 6 5
6 7 12
7 8 5
8 9 5
9 0 12
O20 ab
10 10
0 14
1 7
2 14
3 7
4 14
5 7
6 14
7 7
8 14
9 7
0 1 5
1 2 6
2 3 5
3 4 6
4 5 5
5 6 6
6 7 5
7 8 6
8 9 5
9 0 6
O35
12 12
0 0
1 0
2 0
3 0
4 2
5 0
6 0
7 0
8 0
9 2
10 40
11 40
0 1 6
1 2 4
2 3 6
3 4 4
4 5 4
5 6 6
6 7 4
7 8 6
8 9 4
9 0 4
10 0 6
11 5 6
O20 ab
6 6
0 14
1 7
2 14
3 7
4 14
5 7
0 1 5
1 2 6
2 3 5
3 4 6
4 5 5
5 0 6
O36
10 10
0 0
1 23
2 0
3 23
4 21
5 23
6 2
7 21
8 23
9 2
0 1 6
1 4 4
2 3 6
3 7 4
4 5 4
5 6 4
6 7 5
7 8 4
8 9 4
9 4 5
O20 ab
4 4
0 14
1 7
2 14
3 7
0 1 5
1 2 6
2 3 5
3 0 6
O37
5 5
0 24
1 7
2 15
3 24
4 35
0 1 4
1 2 5
2 3 4
3 0 5
4 0 41
O20 ab
4 4
0 14
1 7
2 14
3 7
0 1 5
1 2 6
2 3 5
3 0 6
O38
5 5
0 18
1 2
2 24
3 29
4 24
0 2 5
1 2 4
2 3 5
3 4 4
4 1 12
O20 ab
4 4
0 14
1 7
2 14
3 7
0 1 5
1 2 6
2 3 5
3 0 6
O39
5 5
0 7
1 42
2 21
3 0
4 18
0 2 4
1 2 6
2 3 5
3 4 4
4 1 4
O20 ab
4 4
0 14
1 7
2 14
3 7
0 1 5
1 2 6
2 3 5
3 0 6
O40
4 4
0 15
1 17
2 7
3 2
0 1 5
1 2 5
2 3 4
3 0 6
O20 ab
10 10
0 14
1 7
2 14
3 7
4 14
5 7
6 14
7 7
8 14
9 7
0 1 5
1 2 6
2 3 5
3 4 6
4 5 5
5 6 6
6 7 5
7 8 6
8 9 5
9 0 6
O41
12 12
0 19
1 19
2 7
3 23
4 2
5 23
6 2
7 7
8 23
9 2
10 23
11 2
0 3 5
1 8 5
2 3 4
3 4 5
4 5 4
5 6 4
6 7 4
7 8 4
8 9 5
9 10 4
10 11 4
11 2 4
O20 ab
4 4
0 14
1 7
2 14
3 7
0 1 5
1 2 6
2 3 5
3 0 6
O42
5 5
0 35
1 2
2 37
3 18
4 10
0 1 36
1 2 4
2 3 4
3 0 6
4 1 4
O20 ab
4 4
0 14
1 7
2 14
3 7
0 1 5
1 2 6
2 3 5
3 0 6
O43
5 5
0 23
1 43
2 21
3 23
4 24
0 1 4
1 2 4
2 3 4
3 4 4
4 1 5
O20 ab
4 4
0 14
1 7
2 14
3 7
0 1 5
1 2 6
2 3 5
3 0 6
O44
5 5
0 10
1 21
2 21
3 17
4 18
0 3 5
1 2 6
2 3 6
3 4 4
4 1 12
O20 ab
6 6
0 14
1 7
2 14
3 7
4 14
5 7
0 1 5
1 2 6
2 3 5
3 4 6
4 5 5
5 0 6
O45
6 6
0 19
1 44
2 45
3 19
4 44
5 45
0 1 4
1 2 4
2 3 6
3 4 4
4 5 4
5 0 6
O20 ab
6 6
0 14
1 7
2 14
3 7
4 14
5 7
0 1 5
1 2 6
2 3 5
3 4 6
4 5 5
5 0 6
O45 rel
6 6
0 19
1 44
2 2
3 19
4 44
5 2
0 1 4
1 2 4
2 3 6
3 4 4
4 5 4
5 0 6
O20 ab
4 4
0 14
1 7
2 14
3 7
0 1 5
1 2 6
2 3 5
3 0 6
O46
4 4
0 46
1 15
2 19
3 24
0 1 12
1 2 12
2 3 4
3 0 5
O20 ab
4 4
0 14
1 7
2 14
3 7
0 1 5
1 2 6
2 3 5
3 0 6
O48
5 5
0 24
1 7
2 0
3 2
4 47
0 1 4
1 2 5
2 3 4
3 0 5
4 0 4
O20 ab
4 4
0 14
1 7
2 14
3 7
0 1 5
1 2 6
2 3 5
3 0 6
O49
4 4
0 48
1 24
2 0
3 49
0 1 5
1 2 5
2 3 4
3 0 6
O20 ab
2 2
0 14
1 7
0 1 5
1 0 6
O52
2 2
0 50
1 51
0 1 4
1 0 4
O20 ab
4 4
0 14
1 7
2 14
3 7
0 1 5
1 2 6
2 3 5
3 0 6
O53
5 5
0 10
1 0
2 29
3 1
4 2
0 1 6
1 2 5
2 3 4
3 4 5
4 1 4
O20 ab
6 6
0 14
1 7
2 14
3 7
4 14
5 7
0 1 5
1 2 6
2 3 5
3 4 6
4 5 5
5 0 6
O55
10 10
0 2
1 7
2 24
3 2
4 7
5 24
6 52
7 15
8 52
9 15
0 1 4
1 2 4
2 3 12
3 4 4
4 5 4
5 0 12
6 7 6
7 0 4
8 9 6
9 3 4
O20 ab
6 6
0 14
1 7
2 14
3 7
4 14
5 7
0 1 5
1 2 6
2 3 5
3 4 6
4 5 5
5 0 6
O56
8 8
0 31
1 19
2 2
3 31
4 19
5 2
6 7
7 7
0 1 33
1 2 4
2 3 32
3 4 33
4 5 4
5 0 32
6 1 6
7 4 6
O20 ab
6 6
0 14
1 7
2 14
3 7
4 14
5 7
0 1 5
1 2 6
2 3 5
3 4 6
4 5 5
5 0 6
O58
8 8
0 17
1 21
2 2
3 17
4 21
5 2
6 53
7 53
0 1 5
1 2 4
2 3 5
3 4 5
4 5 4
5 0 5
6 0 4
7 3 4
O20 ab
4 4
0 14
1 7
2 14
3 7
0 1 5
1 2 6
2 3 5
3 0 6
O59
5 5
0 47
1 21
2 21
3 17
4 18
0 1 4
1 2 4
2 3 4
3 4 4
4 1 12
O20 ab
6 6
0 14
1 7
2 14
3 7
4 14
5 7
0 1 5
1 2 6
2 3 5
3 4 6
4 5 5
5 0 6
O61
6 6
0 54
1 19
2 16
3 54
4 19
5 16
0 1 55
1 2 4
2 3 5
3 4 55
4 5 4
5 0 5
O20 ab
6 6
0 14
1 7
2 14
3 7
4 14
5 7
0 1 5
1 2 6
2 3 5
3 4 6
4 5 5
5 0 6
O62
10 10
0 10
1 10
2 25
3 25
4 25
5 25
6 25
7 25
8 10
9 10
0 2 6
1 5 6
2 3 56
3 4 4
4 5 56
5 6 56
6 7 4
7 2 56
8 3 6
9 6 6
O20 ab
4 4
0 14
1 7
2 14
3 7
0 1 5
1 2 6
2 3 5
3 0 6
O64
5 5
0 15
1 57
2 29
3 15
4 2
0 3 12
1 2 4
2 3 4
3 4 4
4 1 4
O20 ab
10 10
0 14
1 7
2 14
3 7
4 14
5 7
6 14
7 7
8 14
9 7
0 1 5
1 2 6
2 3 5
3 4 6
4 5 5
5 6 6
6 7 5
7 8 6
8 9 5
9 0 6
O65
10 10
0 13
1 58
2 16
3 59
4 18
5 13
6 58
7 16
8 59
9 18
0 1 5
1 2 5
2 3 5
3 4 4
4 5 6
5 6 5
6 7 5
7 8 5
8 9 4
9 0 6
O20 ab
10 10
0 14
1 7
2 14
3 7
4 14
5 7
6 14
7 7
8 14
9 7
0 1 5
1 2 6
2 3 5
3 4 6
4 5 5
5 6 6
6 7 5
7 8 6
8 9 5
9 0 6
O66
10 10
0 60
1 61
2 18
3 17
4 18
5 60
6 61
7 18
8 17
9 18
0 1 4
1 2 4
2 3 6
3 4 4
4 5 6
5 6 4
6 7 4
7 8 6
8 9 4
9 0 6
O20 ab
10 10
0 14
1 7
2 14
3 7
4 14
5 7
6 14
7 7
8 14
9 7
0 1 5
1 2 6
2 3 5
3 4 6
4 5 5
5 6 6
6 7 5
7 8 6
8 9 5
9 0 6
O68
14 14
0 0
1 0
2 21
3 21
4 21
5 17
6 18
7 21
8 21
9 21
10 17
11 18
12 10
13 10
0 2 4
1 7 4
2 3 6
3 4 6
4 5 6
5 6 4
6 7 12
7 8 6
8 9 6
9 10 6
10 11 4
11 2 12
12 3 4
13 8 4
O20 ab
10 10
0 14
1 7
2 14
3 7
4 14
5 7
6 14
7 7
8 14
9 7
0 1 5
1 2 6
2 3 5
3 4 6
4 5 5
5 6 6
6 7 5
7 8 6
8 9 5
9 0 6
O69
10 10
0 62
1 0
2 0
3 7
4 18
5 62
6 0
7 0
8 7
9 18
0 1 6
1 2 6
2 3 6
3 4 4
4 5 4
5 6 6
6 7 6
7 8 6
8 9 4
9 0 4
O20 ab
4 4
0 14
1 7
2 14
3 7
0 1 5
1 2 6
2 3 5
3 0 6
O70
5 5
0 13
1 63
2 15
3 16
4 10
0 1 4
1 2 4
2 3 4
3 0 5
4 3 5
O20 ab
4 4
0 14
1 7
2 14
3 7
0 1 5
1 2 6
2 3 5
3 0 6
O71
4 4
0 64
1 0
2 15
3 16
0 1 4
1 2 5
2 3 4
3 0 5
O20 ab
4 4
0 14
1 7
2 14
3 7
0 1 5
1 2 6
2 3 5
3 0 6
O73
6 6
0 10
1 21
2 21
3 17
4 18
5 10
0 2 5
1 2 6
2 3 6
3 4 4
4 1 12
5 3 4
O20 ab
4 4
0 14
1 7
2 14
3 7
0 1 5
1 2 6
2 3 5
3 0 6
O73 ab
5 5
0 10
1 21
2 21
3 17
4 16
0 3 4
1 2 6
2 3 6
3 4 4
4 1 5
O20 ab
6 6
0 14
1 7
2 14
3 7
4 14
5 7
0 1 5
1 2 6
2 3 5
3 4 6
4 5 5
5 0 6
O74
8 8
0 18
1 59
2 2
3 18
4 59
5 2
6 65
7 65
0 1 5
1 2 4
2 3 12
3 4 5
4 5 4
5 0 12
6 0 4
7 3 4
O20 ab
6 6
0 14
1 7
2 14
3 7
4 14
5 7
0 1 5
1 2 6
2 3 5
3 4 6
4 5 5
5 0 6
O75
8 8
0 17
1 17
2 7
3 0
4 2
5 7
6 0
7 2
0 2 5
1 5 5
2 3 5
3 4 4
4 5 4
5 6 5
6 7 4
7 2 4
O20 ab
4 4
0 14
1 7
2 14
3 7
0 1 5
1 2 6
2 3 5
3 0 6
O76
4 4
0 29
1 30
2 16
3 24
0 1 5
1 2 5
2 3 4
3 0 5
O20 ab
4 4
0 14
1 7
2 14
3 7
0 1 5
1 2 6
2 3 5
3 0 6
O77
4 4
0 21
1 21
2 17
3 18
0 1 6
1 2 6
2 3 4
3 0 12
O20 ab
4 4
0 14
1 7
2 14
3 7
0 1 5
1 2 6
2 3 5
3 0 6
O78
4 4
0 2
1 17
2 21
3 2
0 1 5
1 2 5
2 3 4
3 0 5
O20 ab
10 10
0 14
1 7
2 14
3 7
4 14
5 7
6 14
7 7
8 14
9 7
0 1 5
1 2 6
2 3 5
3 4 6
4 5 5
5 6 6
6 7 5
7 8 6
8 9 5
9 0 6
O79
12 12
0 0
1 0
2 15
3 66
4 17
5 29
6 18
7 15
8 66
9 17
10 29
11 18
0 3 4
1 8 4
2 3 5
3 4 4
4 5 5
5 6 4
6 7 6
7 8 5
8 9 4
9 10 5
10 11 4
11 2 6
O20 ab
4 4
0 14
1 7
2 14
3 7
0 1 5
1 2 6
2 3 5
3 0 6
O82
5 5
0 67
1 10
2 15
3 19
4 2
0 1 68
1 2 5
2 3 5
3 4 4
4 1 5
O20 ab
10 10
0 14
1 7
2 14
3 7
4 14
5 7
6 14
7 7
8 14
9 7
0 1 5
1 2 6
2 3 5
3 4 6
4 5 5
5 6 6
6 7 5
7 8 6
8 9 5
9 0 6
O83
10 10
0 10
1 29
2 15
3 15
4 2
5 10
6 29
7 15
8 15
9 2
0 1 5
1 2 12
2 3 5
3 4 5
4 5 12
5 6 5
6 7 12
7 8 5
8 9 5
9 0 12
O20 ab
4 4
0 14
1 7
2 14
3 7
0 1 5
1 2 6
2 3 5
3 0 6
O85
5 5
0 69
1 7
2 3
3 25
4 2
0 1 5
1 2 4
2 3 12
3 4 4
4 1 6
O20 ab
4 4
0 14
1 7
2 14
3 7
0 1 5
1 2 6
2 3 5
3 0 6
O86
5 5
0 7
1 23
2 15
3 16
4 24
0 2 4
1 2 6
2 3 4
3 4 4
4 1 5
O20 ab
4 4
0 14
1 7
2 14
3 7
0 1 5
1 2 6
2 3 5
3 0 6
O86.2
5 5
0 7
1 15
2 16
3 16
4 23
0 1 4
1 2 4
2 3 4
3 0 6
4 1 6
O20 ab
4 4
0 14
1 7
2 14
3 7
0 1 5
1 2 6
2 3 5
3 0 6
O86.3
5 5
0 7
1 23
2 15
3 16
4 24
0 2 4
1 2 6
2 3 4
3 4 4
4 1 5
O20 ab
4 4
0 14
1 7
2 14
3 7
0 1 5
1 2 6
2 3 5
3 0 6
O87
4 4
0 25
1 7
2 70
3 24
0 1 5
1 2 4
2 3 4
3 0 4
O20 ab
6 6
0 14
1 7
2 14
3 7
4 14
5 7
0 1 5
1 2 6
2 3 5
3 4 6
4 5 5
5 0 6
O88
8 8
0 21
1 21
2 2
3 21
4 21
5 2
6 61
7 61
0 1 4
1 2 4
2 3 5
3 4 4
4 5 4
5 0 5
6 0 4
7 3 4
O20 ab
4 4
0 14
1 7
2 14
3 7
0 1 5
1 2 6
2 3 5
3 0 6
O90
4 4
0 71
1 15
2 16
3 24
0 1 6
1 2 4
2 3 4
3 0 5
O20 ab
10 10
0 14
1 7
2 14
3 7
4 14
5 7
6 14
7 7
8 14
9 7
0 1 5
1 2 6
2 3 5
3 4 6
4 5 5
5 6 6
6 7 5
7 8 6
8 9 5
9 0 6
O91
10 10
0 72
1 15
2 2
3 73
4 2
5 72
6 15
7 2
8 73
9 2
0 1 5
1 2 5
2 3 5
3 4 4
4 5 5
5 6 5
6 7 5
7 8 5
8 9 4
9 0 5
O20 ab
4 4
0 14
1 7
2 14
3 7
0 1 5
1 2 6
2 3 5
3 0 6
O96
5 5
0 74
1 2
2 25
3 2
4 25
0 1 5
1 2 56
2 3 4
3 0 6
4 0 5
O20 ab
2 2
0 14
1 7
0 1 5
1 0 6
O97
4 4
0 75
1 0
2 1
3 75
0 1 76
1 2 4
2 1 4
3 2 76
O20 ab
4 4
0 14
1 7
2 14
3 7
0 1 5
1 2 6
2 3 5
3 0 6
O98
4 4
0 77
1 78
2 77
3 2
0 1 5
1 2 4
2 3 4
3 0 4
O20 ab
4 4
0 14
1 7
2 14
3 7
0 1 5
1 2 6
2 3 5
3 0 6
O99
6 6
0 10
1 10
2 79
3 79
4 79
5 79
0 2 6
1 5 6
2 3 6
3 4 6
4 5 4
5 2 4
O20 ab
4 4
0 14
1 7
2 14
3 7
0 1 5
1 2 6
2 3 5
3 0 6
O100
5 5
0 0
1 0
2 7
3 2
4 35
0 1 4
1 2 4
2 3 4
3 0 6
4 0 38
O20 ab
2 2
0 14
1 7
0 1 5
1 0 6
O101
2 2
0 18
1 16
0 1 5
1 0 12
O20 ab
6 6
0 14
1 7
2 14
3 7
4 14
5 7
0 1 5
1 2 6
2 3 5
3 4 6
4 5 5
5 0 6
O102
10 10
0 0
1 24
2 0
3 24
4 7
5 19
6 24
7 7
8 19
9 24
0 1 5
1 4 4
2 3 5
3 7 4
4 5 12
5 6 4
6 7 5
7 8 12
8 9 4
9 4 5
O20 ab
10 10
0 14
1 7
2 14
3 7
4 14
5 7
6 14
7 7
8 14
9 7
0 1 5
1 2 6
2 3 5
3 4 6
4 5 5
5 6 6
6 7 5
7 8 6
8 9 5
9 0 6
O103
10 10
0 19
1 80
2 18
3 16
4 2
5 19
6 80
7 18
8 16
9 2
0 1 6
1 2 12
2 3 5
3 4 4
4 5 6
5 6 6
6 7 12
7 8 5
8 9 4
9 0 6
O20 ab
4 4
0 14
1 7
2 14
3 7
0 1 5
1 2 6
2 3 5
3 0 6
O104
4 4
0 7
1 81
2 15
3 24
0 1 5
1 2 33
2 3 4
3 0 5
O20 ab
4 4
0 14
1 7
2 14
3 7
0 1 5
1 2 6
2 3 5
3 0 6
O105
6 6
0 14
1 74
2 0
3 1
4 0
5 2
0 1 5
1 2 6
2 3 4
3 4 5
4 5 4
5 2 4
O20 ab
10 10
0 14
1 7
2 14
3 7
4 14
5 7
6 14
7 7
8 14
9 7
0 1 5
1 2 6
2 3 5
3 4 6
4 5 5
5 6 6
6 7 5
7 8 6
8 9 5
9 0 6
O107
10 10
0 24
1 0
2 18
3 15
4 16
5 24
6 0
7 18
8 15
9 16
0 1 4
1 2 5
2 3 5
3 4 4
4 5 5
5 6 4
6 7 5
7 8 5
8 9 4
9 0 5
O20 ab
4 4
0 14
1 7
2 14
3 7
0 1 5
1 2 6
2 3 5
3 0 6
O108
4 4
0 82
1 7
2 11
3 18
0 1 83
1 2 4
2 3 4
3 0 5
O20 ab
6 6
0 14
1 7
2 14
3 7
4 14
5 7
0 1 5
1 2 6
2 3 5
3 4 6
4 5 5
5 0 6
O109
8 8
0 84
1 84
2 10
3 44
4 2
5 10
6 44
7 2
0 2 4
1 5 4
2 3 4
3 4 4
4 5 5
5 6 4
6 7 4
7 2 5
O20 ab
4 4
0 14
1 7
2 14
3 7
0 1 5
1 2 6
2 3 5
3 0 6
O110
4 4
0 85
1 7
2 7
3 2
0 1 5
1 2 4
2 3 4
3 0 5
O20 ab
6 6
0 14
1 7
2 14
3 7
4 14
5 7
0 1 5
1 2 6
2 3 5
3 4 6
4 5 5
5 0 6
O111
10 10
0 52
1 52
2 10
3 7
4 2
5 10
6 7
7 2
8 52
9 52
0 2 12
1 5 12
2 3 5
3 4 4
4 5 5
5 6 5
6 7 4
7 2 5
8 2 4
9 5 4
O20 ab
4 4
0 14
1 7
2 14
3 7
0 1 5
1 2 6
2 3 5
3 0 6
O112 ab
5 5
0 2
1 16
2 10
3 86
4 24
0 1 4
1 2 5
2 3 5
3 4 4
4 1 5
O20 ab
4 4
0 14
1 7
2 14
3 7
0 1 5
1 2 6
2 3 5
3 0 6
O112 ac
5 5
0 87
1 16
2 10
3 15
4 24
0 1 4
1 2 5
2 3 5
3 4 4
4 1 5
O20 ab
4 4
0 14
1 7
2 14
3 7
0 1 5
1 2 6
2 3 5
3 0 6
O113
5 5
0 16
1 47
2 7
3 2
4 15
0 1 5
1 2 4
2 3 4
3 0 5
4 0 4
O20 ab
4 4
0 14
1 7
2 14
3 7
0 1 5
1 2 6
2 3 5
3 0 6
O114
4 4
0 88
1 14
2 15
3 18
0 1 4
1 2 5
2 3 4
3 0 5
O20 ab
4 4
0 14
1 7
2 14
3 7
0 1 5
1 2 6
2 3 5
3 0 6
O115
5 5
0 1
1 2
2 47
3 21
4 2
0 1 5
1 2 5
2 3 4
3 4 4
4 1 4
O20 ab
10 10
0 14
1 7
2 14
3 7
4 14
5 7
6 14
7 7
8 14
9 7
0 1 5
1 2 6
2 3 5
3 4 6
4 5 5
5 6 6
6 7 5
7 8 6
8 9 5
9 0 6
O116
10 10
0 20
1 18
2 16
3 47
4 2
5 20
6 18
7 16
8 47
9 2
0 1 12
1 2 5
2 3 5
3 4 4
4 5 6
5 6 12
6 7 5
7 8 5
8 9 4
9 0 6
O20 ab
10 10
0 14
1 7
2 14
3 7
4 14
5 7
6 14
7 7
8 14
9 7
0 1 5
1 2 6
2 3 5
3 4 6
4 5 5
5 6 6
6 7 5
7 8 6
8 9 5
9 0 6
O117
10 10
0 24
1 0
2 10
3 15
4 16
5 24
6 0
7 10
8 15
9 16
0 1 4
1 2 5
2 3 5
3 4 4
4 5 5
5 6 4
6 7 5
7 8 5
8 9 4
9 0 5
O20 ab
4 4
0 14
1 7
2 14
3 7
0 1 5
1 2 6
2 3 5
3 0 6
O118
4 4
0 89
1 7
2 90
3 2
0 1 91
1 2 4
2 3 4
3 0 4
O20 ab
4 4
0 14
1 7
2 14
3 7
0 1 5
1 2 6
2 3 5
3 0 6
O119
5 5
0 92
1 17
2 7
3 0
4 18
0 1 4
1 2 4
2 3 5
3 4 4
4 1 6
O20 ab
10 10
0 14
1 7
2 14
3 7
4 14
5 7
6 14
7 7
8 14
9 7
0 1 5
1 2 6
2 3 5
3 4 6
4 5 5
5 6 6
6 7 5
7 8 6
8 9 5
9 0 6
O120
12 12
0 0
1 0
2 10
3 0
4 0
5 7
6 24
7 10
8 0
9 0
10 7
11 24
0 2 5
1 7 5
2 3 6
3 4 6
4 5 6
5 6 4
6 7 4
7 8 6
8 9 6
9 10 6
10 11 4
11 2 4
O20 ab
4 4
0 14
1 7
2 14
3 7
0 1 5
1 2 6
2 3 5
3 0 6
O121
4 4
0 93
1 94
2 78
3 18
0 1 5
1 2 5
2 3 4
3 0 4
O20 ab
4 4
0 14
1 7
2 14
3 7
0 1 5
1 2 6
2 3 5
3 0 6
O123
4 4
0 95
1 18
2 77
3 18
0 1 12
1 2 4
2 3 4
3 0 4
O20 ab
6 6
0 14
1 7
2 14
3 7
4 14
5 7
0 1 5
1 2 6
2 3 5
3 4 6
4 5 5
5 0 6
O124
10 10
0 96
1 10
2 96
3 10
4 15
5 25
6 24
7 15
8 25
9 24
0 1 12
1 4 5
2 3 12
3 7 5
4 5 12
5 6 4
6 7 4
7 8 12
8 9 4
9 4 4
O20 ab
4 4
0 14
1 7
2 14
3 7
0 1 5
1 2 6
2 3 5
3 0 6
O125 ab
6 6
0 10
1 24
2 21
3 23
4 16
5 15
0 2 4
1 2 6
2 3 4
3 4 4
4 1 5
5 1 4
O20 ab
4 4
0 14
1 7
2 14
3 7
0 1 5
1 2 6
2 3 5
3 0 6
O126
5 5
0 17
1 15
2 18
3 2
4 23
0 1 4
1 2 4
2 3 4
3 0 6
4 1 6
O20 ab
6 6
0 14
1 7
2 14
3 7
4 14
5 7
0 1 5
1 2 6
2 3 5
3 4 6
4 5 5
5 0 6
O126.2
8 8
0 17
1 7
2 2
3 17
4 7
5 2
6 97
7 97
0 1 4
1 2 4
2 3 6
3 4 4
4 5 4
5 0 6
6 1 6
7 4 6
O20 ab
4 4
0 14
1 7
2 14
3 7
0 1 5
1 2 6
2 3 5
3 0 6
O127
4 4
0 23
1 15
2 16
3 16
0 1 6
1 2 4
2 3 4
3 0 6
O20 ab
4 4
0 14
1 7
2 14
3 7
0 1 5
1 2 6
2 3 5
3 0 6
O128 ab
5 5
0 15
1 24
2 7
3 24
4 23
0 1 4
1 2 5
2 3 4
3 0 12
4 0 6
O20 ab
4 4
0 14
1 7
2 14
3 7
0 1 5
1 2 6
2 3 5
3 0 6
O128 ab.2
5 5
0 15
1 24
2 16
3 24
4 23
0 1 4
1 2 5
2 3 4
3 0 12
4 0 6
O20 ab
4 4
0 14
1 7
2 14
3 7
0 1 5
1 2 6
2 3 5
3 0 6
O128 ac
5 5
0 15
1 24
2 7
3 24
4 23
0 1 4
1 2 5
2 3 4
3 0 12
4 0 6
O20 ab
4 4
0 14
1 7
2 14
3 7
0 1 5
1 2 6
2 3 5
3 0 6
O129
5 5
0 10
1 98
2 0
3 0
4 2
0 2 4
1 2 6
2 3 4
3 4 4
4 1 6
O20 ab
6 6
0 14
1 7
2 14
3 7
4 14
5 7
0 1 5
1 2 6
2 3 5
3 4 6
4 5 5
5 0 6
O130
10 10
0 99
1 24
2 99
3 24
4 7
5 19
6 24
7 7
8 19
9 24
0 1 100
1 4 4
2 3 100
3 7 4
4 5 12
5 6 4
6 7 5
7 8 12
8 9 4
9 4 5
O20 ab
4 4
0 14
1 7
2 14
3 7
0 1 5
1 2 6
2 3 5
3 0 6
O131
4 4
0 31
1 15
2 15
3 24
0 1 83
1 2 12
2 3 4
3 0 101
O20 ab
10 10
0 14
1 7
2 14
3 7
4 14
5 7
6 14
7 7
8 14
9 7
0 1 5
1 2 6
2 3 5
3 4 6
4 5 5
5 6 6
6 7 5
7 8 6
8 9 5
9 0 6
O132
10 10
0 69
1 26
2 10
3 0
4 2
5 69
6 26
7 10
8 0
9 2
0 1 4
1 2 5
2 3 6
3 4 4
4 5 6
5 6 4
6 7 5
7 8 6
8 9 4
9 0 6
O20 ab
10 10
0 14
1 7
2 14
3 7
4 14
5 7
6 14
7 7
8 14
9 7
0 1 5
1 2 6
2 3 5
3 4 6
4 5 5
5 6 6
6 7 5
7 8 6
8 9 5
9 0 6
O133
12 12
0 0
1 0
2 0
3 47
4 18
5 0
6 0
7 0
8 47
9 18
10 10
11 10
0 1 6
1 2 6
2 3 5
3 4 4
4 5 4
5 6 6
6 7 6
7 8 5
8 9 4
9 0 4
10 3 4
11 8 4
O20 ab
4 4
0 14
1 7
2 14
3 7
0 1 5
1 2 6
2 3 5
3 0 6
O134
4 4
0 46
1 15
2 19
3 24
0 1 12
1 2 12
2 3 4
3 0 5
O20 ab
4 4
0 14
1 7
2 14
3 7
0 1 5
1 2 6
2 3 5
3 0 6
O135
5 5
0 10
1 0
2 0
3 26
4 2
0 4 12
1 2 6
2 3 4
3 4 4
4 1 6
