200
O27
6 6
0 19
1 19
2 7
3 19
4 24
5 34
0 2 6
1 4 12
2 3 12
3 4 4
4 2 5
5 2 4
O149
3 3
0 87
1 1
2 2
0 1 4
1 2 5
2 0 4
O27
30 30
0 19
1 19
2 19
3 19
4 19
5 19
6 19
7 19
8 19
9 19
10 7
11 19
12 24
13 7
14 19
15 24
16 7
17 19
18 24
19 7
20 19
21 24
22 7
23 19
24 24
25 34
26 34
27 34
28 34
29 34
0 10 6
1 12 12
2 13 6
3 15 12
4 16 6
5 18 12
6 19 6
7 21 12
8 22 6
9 24 12
10 11 12
11 12 4
12 13 5
13 14 12
14 15 4
15 16 5
16 17 12
17 18 4
18 19 5
19 20 12
20 21 4
21 22 5
22 23 12
23 24 4
24 10 5
25 10 4
26 13 4
27 16 4
28 19 4
29 22 4
O150
18 18
0 19
1 19
2 19
3 106
4 0
5 0
6 0
7 2
8 106
9 0
10 0
11 0
12 2
13 106
14 0
15 0
16 0
17 2
0 6 6
1 11 6
2 16 6
3 4 6
4 5 6
5 6 4
6 7 4
7 8 4
8 9 6
9 10 6
10 11 4
11 12 4
12 13 4
13 14 6
14 15 6
15 16 4
16 17 4
17 3 4
O27
24 24
0 19
1 19
2 19
3 19
4 19
5 19
6 19
7 19
8 7
9 19
10 24
11 7
12 19
13 24
14 7
15 19
16 24
17 7
18 19
19 24
20 34
21 34
22 34
23 34
0 8 6
1 10 12
2 11 6
3 13 12
4 14 6
5 16 12
6 17 6
7 19 12
8 9 12
9 10 4
10 11 5
11 12 12
12 13 4
13 14 5
14 15 12
15 16 4
16 17 5
17 18 12
18 19 4
19 8 5
20 8 4
21 11 4
22 14 4
23 17 4
O151
15 15
0 2
1 2
2 2
3 89
4 7
5 90
6 2
7 89
8 7
9 90
10 2
11 89
12 7
13 90
14 2
0 6 5
1 10 5
2 14 5
3 4 91
4 5 4
5 6 4
6 7 6
7 8 91
8 9 4
9 10 4
10 11 6
11 12 91
12 13 4
13 14 4
14 3 6
O27
24 24
0 19
1 19
2 19
3 19
4 19
5 19
6 19
7 19
8 7
9 19
10 24
11 7
12 19
13 24
14 7
15 19
16 24
17 7
18 19
19 24
20 34
21 34
22 34
23 34
0 8 6
1 10 12
2 11 6
3 13 12
4 14 6
5 16 12
6 17 6
7 19 12
8 9 12
9 10 4
10 11 5
11 12 12
12 13 4
13 14 5
14 15 12
15 16 4
16 17 5
17 18 12
18 19 4
19 8 5
20 8 4
21 11 4
22 14 4
23 17 4
O152
15 15
0 1
1 1
2 1
3 18
4 10
5 19
6 2
7 18
8 10
9 19
10 2
11 18
12 10
13 19
14 2
0 3 5
1 7 5
2 11 5
3 4 107
4 5 6
5 6 4
6 7 4
7 8 107
8 9 6
9 10 4
10 11 4
11 12 107
12 13 6
13 14 4
14 3 4
O27
30 30
0 19
1 19
2 19
3 19
4 19
5 19
6 19
7 19
8 19
9 19
10 7
11 19
12 24
13 7
14 19
15 24
16 7
17 19
18 24
19 7
20 19
21 24
22 7
23 19
24 24
25 34
26 34
27 34
28 34
29 34
0 10 6
1 12 12
2 13 6
3 15 12
4 16 6
5 18 12
6 19 6
7 21 12
8 22 6
9 24 12
10 11 12
11 12 4
12 13 5
13 14 12
14 15 4
15 16 5
16 17 12
17 18 4
18 19 5
19 20 12
20 21 4
21 22 5
22 23 12
23 24 4
24 10 5
25 10 4
26 13 4
27 16 4
28 19 4
29 22 4
O153
15 15
0 14
1 15
2 18
3 15
4 18
5 14
6 15
7 18
8 15
9 18
10 14
11 15
12 18
13 15
14 18
0 1 5
1 2 5
2 3 5
3 4 4
4 5 6
5 6 5
6 7 5
7 8 5
8 9 4
9 10 6
10 11 5
11 12 5
12 13 5
13 14 4
14 0 6
O27
24 24
0 19
1 19
2 19
3 19
4 19
5 19
6 19
7 19
8 7
9 19
10 24
11 7
12 19
13 24
14 7
15 19
16 24
17 7
18 19
19 24
20 34
21 34
22 34
23 34
0 8 6
1 10 12
2 11 6
3 13 12
4 14 6
5 16 12
6 17 6
7 19 12
8 9 12
9 10 4
10 11 5
11 12 12
12 13 4
13 14 5
14 15 12
15 16 4
16 17 5
17 18 12
18 19 4
19 8 5
20 8 4
21 11 4
22 14 4
23 17 4
O154
15 15
0 57
1 57
2 57
3 0
4 0
5 0
6 16
7 0
8 0
9 0
10 16
11 0
12 0
13 0
14 16
0 3 4
1 7 4
2 11 4
3 4 4
4 5 4
5 6 4
6 7 6
7 8 4
8 9 4
9 10 4
10 11 6
11 12 4
12 13 4
13 14 4
14 3 6
O27
6 6
0 19
1 19
2 7
3 19
4 24
5 34
0 2 6
1 4 12
2 3 12
3 4 4
4 2 5
5 2 4
O155
5 5
0 59
1 7
2 15
3 24
4 7
0 1 5
1 2 4
2 3 4
3 1 4
4 2 12
O27
24 24
0 19
1 19
2 19
3 19
4 19
5 19
6 19
7 19
8 7
9 19
10 24
11 7
12 19
13 24
14 7
15 19
16 24
17 7
18 19
19 24
20 34
21 34
22 34
23 34
0 8 6
1 10 12
2 11 6
3 13 12
4 14 6
5 16 12
6 17 6
7 19 12
8 9 12
9 10 4
10 11 5
11 12 12
12 13 4
13 14 5
14 15 12
15 16 4
16 17 5
17 18 12
18 19 4
19 8 5
20 8 4
21 11 4
22 14 4
23 17 4
O156
15 15
0 23
1 7
2 23
3 2
4 23
5 7
6 23
7 2
8 23
9 7
10 23
11 2
12 108
13 108
14 108
0 1 12
1 2 4
2 3 4
3 4 5
4 5 12
5 6 4
6 7 4
7 8 5
8 9 12
9 10 4
10 11 4
11 0 5
12 0 4
13 4 4
14 8 4
O27
24 24
0 19
1 19
2 19
3 19
4 19
5 19
6 19
7 19
8 7
9 19
10 24
11 7
12 19
13 24
14 7
15 19
16 24
17 7
18 19
19 24
20 34
21 34
22 34
23 34
0 8 6
1 10 12
2 11 6
3 13 12
4 14 6
5 16 12
6 17 6
7 19 12
8 9 12
9 10 4
10 11 5
11 12 12
12 13 4
13 14 5
14 15 12
15 16 4
16 17 5
17 18 12
18 19 4
19 8 5
20 8 4
21 11 4
22 14 4
23 17 4
O157
12 12
0 109
1 23
2 19
3 16
4 109
5 23
6 19
7 16
8 109
9 23
10 19
11 16
0 1 4
1 2 5
2 3 4
3 4 6
4 5 4
5 6 5
6 7 4
7 8 6
8 9 4
9 10 5
10 11 4
11 0 6
O27
6 6
0 19
1 19
2 7
3 19
4 24
5 34
0 2 6
1 4 12
2 3 12
3 4 4
4 2 5
5 2 4
O158 ab
5 5
0 10
1 10
2 16
3 24
4 0
0 1 12
1 2 4
2 3 4
3 1 5
4 1 4
O27
6 6
0 19
1 19
2 7
3 19
4 24
5 34
0 2 6
1 4 12
2 3 12
3 4 4
4 2 5
5 2 4
O158 ac
5 5
0 0
1 3
2 47
3 2
4 19
0 1 4
1 2 5
2 3 4
3 1 5
4 1 12
O27
24 24
0 19
1 19
2 19
3 19
4 19
5 19
6 19
7 19
8 7
9 19
10 24
11 7
12 19
13 24
14 7
15 19
16 24
17 7
18 19
19 24
20 34
21 34
22 34
23 34
0 8 6
1 10 12
2 11 6
3 13 12
4 14 6
5 16 12
6 17 6
7 19 12
8 9 12
9 10 4
10 11 5
11 12 12
12 13 4
13 14 5
14 15 12
15 16 4
16 17 5
17 18 12
18 19 4
19 8 5
20 8 4
21 11 4
22 14 4
23 17 4
O159
15 15
0 23
1 23
2 23
3 2
4 47
5 23
6 2
7 2
8 47
9 23
10 2
11 2
12 47
13 23
14 2
0 3 5
1 7 5
2 11 5
3 4 5
4 5 4
5 6 4
6 7 4
7 8 5
8 9 4
9 10 4
10 11 4
11 12 5
12 13 4
13 14 4
14 3 4
O27
24 24
0 19
1 19
2 19
3 19
4 19
5 19
6 19
7 19
8 7
9 19
10 24
11 7
12 19
13 24
14 7
15 19
16 24
17 7
18 19
19 24
20 34
21 34
22 34
23 34
0 8 6
1 10 12
2 11 6
3 13 12
4 14 6
5 16 12
6 17 6
7 19 12
8 9 12
9 10 4
10 11 5
11 12 12
12 13 4
13 14 5
14 15 12
15 16 4
16 17 5
17 18 12
18 19 4
19 8 5
20 8 4
21 11 4
22 14 4
23 17 4
O160
15 15
0 19
1 19
2 19
3 2
4 7
5 15
6 24
7 2
8 7
9 15
10 24
11 2
12 7
13 15
14 24
0 3 12
1 7 12
2 11 12
3 4 4
4 5 107
5 6 4
6 7 5
7 8 4
8 9 107
9 10 4
10 11 5
11 12 4
12 13 107
13 14 4
14 3 5
O27
6 6
0 19
1 19
2 7
3 19
4 24
5 34
0 2 6
1 4 12
2 3 12
3 4 4
4 2 5
5 2 4
O161
3 3
0 110
1 29
2 2
0 1 55
1 2 4
2 0 101
O27
24 24
0 19
1 19
2 19
3 19
4 19
5 19
6 19
7 19
8 7
9 19
10 24
11 7
12 19
13 24
14 7
15 19
16 24
17 7
18 19
19 24
20 34
21 34
22 34
23 34
0 8 6
1 10 12
2 11 6
3 13 12
4 14 6
5 16 12
6 17 6
7 19 12
8 9 12
9 10 4
10 11 5
11 12 12
12 13 4
13 14 5
14 15 12
15 16 4
16 17 5
17 18 12
18 19 4
19 8 5
20 8 4
21 11 4
22 14 4
23 17 4
O163
12 12
0 17
1 29
2 77
3 18
4 17
5 29
6 77
7 18
8 17
9 29
10 77
11 18
0 1 5
1 2 4
2 3 4
3 4 6
4 5 5
5 6 4
6 7 4
7 8 6
8 9 5
9 10 4
10 11 4
11 0 6
O27
6 6
0 19
1 19
2 7
3 19
4 24
5 34
0 2 6
1 4 12
2 3 12
3 4 4
4 2 5
5 2 4
O164
5 5
0 19
1 10
2 15
3 25
4 24
0 1 12
1 2 5
2 3 12
3 4 4
4 2 4
O27
24 24
0 19
1 19
2 19
3 19
4 19
5 19
6 19
7 19
8 7
9 19
10 24
11 7
12 19
13 24
14 7
15 19
16 24
17 7
18 19
19 24
20 34
21 34
22 34
23 34
0 8 6
1 10 12
2 11 6
3 13 12
4 14 6
5 16 12
6 17 6
7 19 12
8 9 12
9 10 4
10 11 5
11 12 12
12 13 4
13 14 5
14 15 12
15 16 4
16 17 5
17 18 12
18 19 4
19 8 5
20 8 4
21 11 4
22 14 4
23 17 4
O165
12 12
0 111
1 15
2 19
3 18
4 111
5 15
6 19
7 18
8 111
9 15
10 19
11 18
0 1 83
1 2 5
2 3 4
3 4 101
4 5 83
5 6 5
6 7 4
7 8 101
8 9 83
9 10 5
10 11 4
11 0 101
O27
24 24
0 19
1 19
2 19
3 19
4 19
5 19
6 19
7 19
8 7
9 19
10 24
11 7
12 19
13 24
14 7
15 19
16 24
17 7
18 19
19 24
20 34
21 34
22 34
23 34
0 8 6
1 10 12
2 11 6
3 13 12
4 14 6
5 16 12
6 17 6
7 19 12
8 9 12
9 10 4
10 11 5
11 12 12
12 13 4
13 14 5
14 15 12
15 16 4
16 17 5
17 18 12
18 19 4
19 8 5
20 8 4
21 11 4
22 14 4
23 17 4
O166
15 15
0 7
1 7
2 16
3 24
4 7
5 7
6 16
7 24
8 7
9 7
10 16
11 24
12 19
13 19
14 19
0 1 12
1 2 5
2 3 4
3 4 4
4 5 12
5 6 5
6 7 4
7 8 4
8 9 12
9 10 5
10 11 4
11 0 4
12 2 4
13 6 4
14 10 4
O27
30 30
0 19
1 19
2 19
3 19
4 19
5 19
6 19
7 19
8 19
9 19
10 7
11 19
12 24
13 7
14 19
15 24
16 7
17 19
18 24
19 7
20 19
21 24
22 7
23 19
24 24
25 34
26 34
27 34
28 34
29 34
0 10 6
1 12 12
2 13 6
3 15 12
4 16 6
5 18 12
6 19 6
7 21 12
8 22 6
9 24 12
10 11 12
11 12 4
12 13 5
13 14 12
14 15 4
15 16 5
16 17 12
17 18 4
18 19 5
19 20 12
20 21 4
21 22 5
22 23 12
23 24 4
24 10 5
25 10 4
26 13 4
27 16 4
28 19 4
29 22 4
O167
18 18
0 69
1 69
2 69
3 112
4 18
5 25
6 25
7 2
8 112
9 18
10 25
11 25
12 2
13 112
14 18
15 25
16 25
17 2
0 3 5
1 8 5
2 13 5
3 4 4
4 5 6
5 6 56
6 7 4
7 8 6
8 9 4
9 10 6
10 11 56
11 12 4
12 13 6
13 14 4
14 15 6
15 16 56
16 17 4
17 3 6
O27
24 24
0 19
1 19
2 19
3 19
4 19
5 19
6 19
7 19
8 7
9 19
10 24
11 7
12 19
13 24
14 7
15 19
16 24
17 7
18 19
19 24
20 34
21 34
22 34
23 34
0 8 6
1 10 12
2 11 6
3 13 12
4 14 6
5 16 12
6 17 6
7 19 12
8 9 12
9 10 4
10 11 5
11 12 12
12 13 4
13 14 5
14 15 12
15 16 4
16 17 5
17 18 12
18 19 4
19 8 5
20 8 4
21 11 4
22 14 4
23 17 4
O168
15 15
0 23
1 23
2 23
3 18
4 74
5 23
6 2
7 18
8 74
9 23
10 2
11 18
12 74
13 23
14 2
0 3 4
1 7 4
2 11 4
3 4 5
4 5 4
5 6 4
6 7 5
7 8 5
8 9 4
9 10 4
10 11 5
11 12 5
12 13 4
13 14 4
14 3 5
O27
24 24
0 19
1 19
2 19
3 19
4 19
5 19
6 19
7 19
8 7
9 19
10 24
11 7
12 19
13 24
14 7
15 19
16 24
17 7
18 19
19 24
20 34
21 34
22 34
23 34
0 8 6
1 10 12
2 11 6
3 13 12
4 14 6
5 16 12
6 17 6
7 19 12
8 9 12
9 10 4
10 11 5
11 12 12
12 13 4
13 14 5
14 15 12
15 16 4
16 17 5
17 18 12
18 19 4
19 8 5
20 8 4
21 11 4
22 14 4
23 17 4
O169
18 18
0 19
1 19
2 19
3 7
4 21
5 21
6 24
7 7
8 21
9 21
10 24
11 7
12 21
13 21
14 24
15 29
16 29
17 29
0 3 12
1 7 12
2 11 12
3 4 12
4 5 6
5 6 4
6 7 4
7 8 12
8 9 6
9 10 4
10 11 4
11 12 12
12 13 6
13 14 4
14 3 4
15 3 5
16 7 5
17 11 5
O27
24 24
0 19
1 19
2 19
3 19
4 19
5 19
6 19
7 19
8 7
9 19
10 24
11 7
12 19
13 24
14 7
15 19
16 24
17 7
18 19
19 24
20 34
21 34
22 34
23 34
0 8 6
1 10 12
2 11 6
3 13 12
4 14 6
5 16 12
6 17 6
7 19 12
8 9 12
9 10 4
10 11 5
11 12 12
12 13 4
13 14 5
14 15 12
15 16 4
16 17 5
17 18 12
18 19 4
19 8 5
20 8 4
21 11 4
22 14 4
23 17 4
O170
15 15
0 2
1 29
2 25
3 2
4 2
5 29
6 25
7 2
8 2
9 29
10 25
11 2
12 25
13 25
14 25
0 1 5
1 2 4
2 3 4
3 4 5
4 5 5
5 6 4
6 7 4
7 8 5
8 9 5
9 10 4
10 11 4
11 0 5
12 0 4
13 4 4
14 8 4
O27
30 30
0 19
1 19
2 19
3 19
4 19
5 19
6 19
7 19
8 19
9 19
10 7
11 19
12 24
13 7
14 19
15 24
16 7
17 19
18 24
19 7
20 19
21 24
22 7
23 19
24 24
25 34
26 34
27 34
28 34
29 34
0 10 6
1 12 12
2 13 6
3 15 12
4 16 6
5 18 12
6 19 6
7 21 12
8 22 6
9 24 12
10 11 12
11 12 4
12 13 5
13 14 12
14 15 4
15 16 5
16 17 12
17 18 4
18 19 5
19 20 12
20 21 4
21 22 5
22 23 12
23 24 4
24 10 5
25 10 4
26 13 4
27 16 4
28 19 4
29 22 4
O171
15 15
0 81
1 15
2 19
3 15
4 24
5 81
6 15
7 19
8 15
9 24
10 81
11 15
12 19
13 15
14 24
0 1 83
1 2 12
2 3 4
3 4 4
4 5 5
5 6 83
6 7 12
7 8 4
8 9 4
9 10 5
10 11 83
11 12 12
12 13 4
13 14 4
14 0 5
O27
30 30
0 19
1 19
2 19
3 19
4 19
5 19
6 19
7 19
8 19
9 19
10 7
11 19
12 24
13 7
14 19
15 24
16 7
17 19
18 24
19 7
20 19
21 24
22 7
23 19
24 24
25 34
26 34
27 34
28 34
29 34
0 10 6
1 12 12
2 13 6
3 15 12
4 16 6
5 18 12
6 19 6
7 21 12
8 22 6
9 24 12
10 11 12
11 12 4
12 13 5
13 14 12
14 15 4
15 16 5
16 17 12
17 18 4
18 19 5
19 20 12
20 21 4
21 22 5
22 23 12
23 24 4
24 10 5
25 10 4
26 13 4
27 16 4
28 19 4
29 22 4
O172
15 15
0 11
1 113
2 10
3 11
4 18
5 11
6 113
7 10
8 11
9 18
10 11
11 113
12 10
13 11
14 18
0 1 5
1 2 114
2 3 4
3 4 4
4 5 4
5 6 5
6 7 114
7 8 4
8 9 4
9 10 4
10 11 5
11 12 114
12 13 4
13 14 4
14 0 4
O27
24 24
0 19
1 19
2 19
3 19
4 19
5 19
6 19
7 19
8 7
9 19
10 24
11 7
12 19
13 24
14 7
15 19
16 24
17 7
18 19
19 24
20 34
21 34
22 34
23 34
0 8 6
1 10 12
2 11 6
3 13 12
4 14 6
5 16 12
6 17 6
7 19 12
8 9 12
9 10 4
10 11 5
11 12 12
12 13 4
13 14 5
14 15 12
15 16 4
16 17 5
17 18 12
18 19 4
19 8 5
20 8 4
21 11 4
22 14 4
23 17 4
O173
15 15
0 23
1 23
2 23
3 10
4 10
5 19
6 2
7 10
8 10
9 19
10 2
11 10
12 10
13 19
14 2
0 3 5
1 7 5
2 11 5
3 4 107
4 5 6
5 6 4
6 7 4
7 8 107
8 9 6
9 10 4
10 11 4
11 12 107
12 13 6
13 14 4
14 3 4
O27
6 6
0 19
1 19
2 7
3 19
4 24
5 34
0 2 6
1 4 12
2 3 12
3 4 4
4 2 5
5 2 4
O174 ab
4 4
0 2
1 29
2 15
3 24
0 1 6
1 2 4
2 3 4
3 1 5
O27
6 6
0 19
1 19
2 7
3 19
4 24
5 34
0 2 6
1 4 12
2 3 12
3 4 4
4 2 5
5 2 4
O174 ac
4 4
0 2
1 29
2 15
3 2
0 1 6
1 2 4
2 3 4
3 1 5
O27
30 30
0 19
1 19
2 19
3 19
4 19
5 19
6 19
7 19
8 19
9 19
10 7
11 19
12 24
13 7
14 19
15 24
16 7
17 19
18 24
19 7
20 19
21 24
22 7
23 19
24 24
25 34
26 34
27 34
28 34
29 34
0 10 6
1 12 12
2 13 6
3 15 12
4 16 6
5 18 12
6 19 6
7 21 12
8 22 6
9 24 12
10 11 12
11 12 4
12 13 5
13 14 12
14 15 4
15 16 5
16 17 12
17 18 4
18 19 5
19 20 12
20 21 4
21 22 5
22 23 12
23 24 4
24 10 5
25 10 4
26 13 4
27 16 4
28 19 4
29 22 4
O175
15 15
0 10
1 74
2 21
3 21
4 24
5 10
6 74
7 21
8 21
9 24
10 10
11 74
12 21
13 21
14 24
0 1 5
1 2 4
2 3 6
3 4 4
4 5 6
5 6 5
6 7 4
7 8 6
8 9 4
9 10 6
10 11 5
11 12 4
12 13 6
13 14 4
14 0 6
O27
24 24
0 19
1 19
2 19
3 19
4 19
5 19
6 19
7 19
8 7
9 19
10 24
11 7
12 19
13 24
14 7
15 19
16 24
17 7
18 19
19 24
20 34
21 34
22 34
23 34
0 8 6
1 10 12
2 11 6
3 13 12
4 14 6
5 16 12
6 17 6
7 19 12
8 9 12
9 10 4
10 11 5
11 12 12
12 13 4
13 14 5
14 15 12
15 16 4
16 17 5
17 18 12
18 19 4
19 8 5
20 8 4
21 11 4
22 14 4
23 17 4
O176
12 12
0 21
1 21
2 17
3 16
4 21
5 21
6 17
7 16
8 21
9 21
10 17
11 16
0 1 6
1 2 6
2 3 4
3 4 5
4 5 6
5 6 6
6 7 4
7 8 5
8 9 6
9 10 6
10 11 4
11 0 5
O27
24 24
0 19
1 19
2 19
3 19
4 19
5 19
6 19
7 19
8 7
9 19
10 24
11 7
12 19
13 24
14 7
15 19
16 24
17 7
18 19
19 24
20 34
21 34
22 34
23 34
0 8 6
1 10 12
2 11 6
3 13 12
4 14 6
5 16 12
6 17 6
7 19 12
8 9 12
9 10 4
10 11 5
11 12 12
12 13 4
13 14 5
14 15 12
15 16 4
16 17 5
17 18 12
18 19 4
19 8 5
20 8 4
21 11 4
22 14 4
23 17 4
O177
12 12
0 0
1 11
2 11
3 2
4 0
5 11
6 11
7 2
8 0
9 11
10 11
11 2
0 1 4
1 2 4
2 3 4
3 4 6
4 5 4
5 6 4
6 7 4
7 8 6
8 9 4
9 10 4
10 11 4
11 0 6
O27
30 30
0 19
1 19
2 19
3 19
4 19
5 19
6 19
7 19
8 19
9 19
10 7
11 19
12 24
13 7
14 19
15 24
16 7
17 19
18 24
19 7
20 19
21 24
22 7
23 19
24 24
25 34
26 34
27 34
28 34
29 34
0 10 6
1 12 12
2 13 6
3 15 12
4 16 6
5 18 12
6 19 6
7 21 12
8 22 6
9 24 12
10 11 12
11 12 4
12 13 5
13 14 12
14 15 4
15 16 5
16 17 12
17 18 4
18 19 5
19 20 12
20 21 4
21 22 5
22 23 12
23 24 4
24 10 5
25 10 4
26 13 4
27 16 4
28 19 4
29 22 4
O178
15 15
0 18
1 47
2 14
3 15
4 24
5 18
6 47
7 14
8 15
9 24
10 18
11 47
12 14
13 15
14 24
0 1 5
1 2 6
2 3 5
3 4 4
4 5 5
5 6 5
6 7 6
7 8 5
8 9 4
9 10 5
10 11 5
11 12 6
12 13 5
13 14 4
14 0 5
O27
24 24
0 19
1 19
2 19
3 19
4 19
5 19
6 19
7 19
8 7
9 19
10 24
11 7
12 19
13 24
14 7
15 19
16 24
17 7
18 19
19 24
20 34
21 34
22 34
23 34
0 8 6
1 10 12
2 11 6
3 13 12
4 14 6
5 16 12
6 17 6
7 19 12
8 9 12
9 10 4
10 11 5
11 12 12
12 13 4
13 14 5
14 15 12
15 16 4
16 17 5
17 18 12
18 19 4
19 8 5
20 8 4
21 11 4
22 14 4
23 17 4
O180
12 12
0 115
1 0
2 1
3 18
4 115
5 0
6 1
7 18
8 115
9 0
10 1
11 18
0 1 6
1 2 4
2 3 5
3 4 5
4 5 6
5 6 4
6 7 5
7 8 5
8 9 6
9 10 4
10 11 5
11 0 5
O27
24 24
0 19
1 19
2 19
3 19
4 19
5 19
6 19
7 19
8 7
9 19
10 24
11 7
12 19
13 24
14 7
15 19
16 24
17 7
18 19
19 24
20 34
21 34
22 34
23 34
0 8 6
1 10 12
2 11 6
3 13 12
4 14 6
5 16 12
6 17 6
7 19 12
8 9 12
9 10 4
10 11 5
11 12 12
12 13 4
13 14 5
14 15 12
15 16 4
16 17 5
17 18 12
18 19 4
19 8 5
20 8 4
21 11 4
22 14 4
23 17 4
O181
15 15
0 77
1 77
2 77
3 116
4 10
5 77
6 2
7 116
8 10
9 77
10 2
11 116
12 10
13 77
14 2
0 3 4
1 7 4
2 11 4
3 4 12
4 5 114
5 6 4
6 7 5
7 8 12
8 9 114
9 10 4
10 11 5
11 12 12
12 13 114
13 14 4
14 3 5
O27
6 6
0 19
1 19
2 7
3 19
4 24
5 34
0 2 6
1 4 12
2 3 12
3 4 4
4 2 5
5 2 4
O182
4 4
0 2
1 29
2 2
3 117
0 1 5
1 2 4
2 0 5
3 0 4
O27
24 24
0 19
1 19
2 19
3 19
4 19
5 19
6 19
7 19
8 7
9 19
10 24
11 7
12 19
13 24
14 7
15 19
16 24
17 7
18 19
19 24
20 34
21 34
22 34
23 34
0 8 6
1 10 12
2 11 6
3 13 12
4 14 6
5 16 12
6 17 6
7 19 12
8 9 12
9 10 4
10 11 5
11 12 12
12 13 4
13 14 5
14 15 12
15 16 4
16 17 5
17 18 12
18 19 4
19 8 5
20 8 4
21 11 4
22 14 4
23 17 4
O183
18 18
0 14
1 29
2 14
3 29
4 14
5 29
6 15
7 21
8 21
9 24
10 15
11 21
12 21
13 24
14 15
15 21
16 21
17 24
0 1 5
1 6 5
2 3 5
3 10 5
4 5 5
5 14 5
6 7 12
7 8 6
8 9 4
9 10 4
10 11 12
11 12 6
12 13 4
13 14 4
14 15 12
15 16 6
16 17 4
17 6 4
O27
24 24
0 19
1 19
2 19
3 19
4 19
5 19
6 19
7 19
8 7
9 19
10 24
11 7
12 19
13 24
14 7
15 19
16 24
17 7
18 19
19 24
20 34
21 34
22 34
23 34
0 8 6
1 10 12
2 11 6
3 13 12
4 14 6
5 16 12
6 17 6
7 19 12
8 9 12
9 10 4
10 11 5
11 12 12
12 13 4
13 14 5
14 15 12
15 16 4
16 17 5
17 18 12
18 19 4
19 8 5
20 8 4
21 11 4
22 14 4
23 17 4
O184
12 12
0 118
1 103
2 23
3 16
4 118
5 103
6 23
7 16
8 118
9 103
10 23
11 16
0 1 4
1 2 4
2 3 4
3 4 6
4 5 4
5 6 4
6 7 4
7 8 6
8 9 4
9 10 4
10 11 4
11 0 6
O27
30 30
0 19
1 19
2 19
3 19
4 19
5 19
6 19
7 19
8 19
9 19
10 7
11 19
12 24
13 7
14 19
15 24
16 7
17 19
18 24
19 7
20 19
21 24
22 7
23 19
24 24
25 34
26 34
27 34
28 34
29 34
0 10 6
1 12 12
2 13 6
3 15 12
4 16 6
5 18 12
6 19 6
7 21 12
8 22 6
9 24 12
10 11 12
11 12 4
12 13 5
13 14 12
14 15 4
15 16 5
16 17 12
17 18 4
18 19 5
19 20 12
20 21 4
21 22 5
22 23 12
23 24 4
24 10 5
25 10 4
26 13 4
27 16 4
28 19 4
29 22 4
O185
15 15
0 24
1 29
2 14
3 15
4 16
5 24
6 29
7 14
8 15
9 16
10 24
11 29
12 14
13 15
14 16
0 1 6
1 2 4
2 3 5
3 4 4
4 5 5
5 6 6
6 7 4
7 8 5
8 9 4
9 10 5
10 11 6
11 12 4
12 13 5
13 14 4
14 0 5
O27
24 24
0 19
1 19
2 19
3 19
4 19
5 19
6 19
7 19
8 7
9 19
10 24
11 7
12 19
13 24
14 7
15 19
16 24
17 7
18 19
19 24
20 34
21 34
22 34
23 34
0 8 6
1 10 12
2 11 6
3 13 12
4 14 6
5 16 12
6 17 6
7 19 12
8 9 12
9 10 4
10 11 5
11 12 12
12 13 4
13 14 5
14 15 12
15 16 4
16 17 5
17 18 12
18 19 4
19 8 5
20 8 4
21 11 4
22 14 4
23 17 4
O186
12 12
0 95
1 10
2 77
3 28
4 95
5 10
6 77
7 28
8 95
9 10
10 77
11 28
0 1 12
1 2 4
2 3 4
3 4 4
4 5 12
5 6 4
6 7 4
7 8 4
8 9 12
9 10 4
10 11 4
11 0 4
O28 ab
4 4
0 19
1 35
2 2
3 18
0 1 4
1 2 36
2 3 4
3 0 4
O28 ac
4 4
0 35
1 2
2 37
3 18
0 1 36
1 2 4
2 3 4
3 0 6
O28 ab
4 4
0 19
1 35
2 2
3 18
0 1 4
1 2 36
2 3 4
3 0 4
O29
6 6
0 10
1 7
2 35
3 19
4 11
5 2
0 1 12
1 4 4
2 3 38
3 4 5
4 5 4
5 2 4
O28 ab
12 12
0 19
1 35
2 2
3 18
4 19
5 35
6 2
7 18
8 19
9 35
10 2
11 18
0 1 4
1 2 36
2 3 4
3 4 4
4 5 4
5 6 36
6 7 4
7 8 4
8 9 4
9 10 36
10 11 4
11 0 4
O30
16 16
0 2
1 2
2 2
3 2
4 19
5 29
6 18
7 19
8 29
9 18
10 19
11 29
12 18
13 19
14 29
15 18
0 5 6
1 8 6
2 11 6
3 14 6
4 5 5
5 6 4
6 7 5
7 8 5
8 9 4
9 10 5
10 11 5
11 12 4
12 13 5
13 14 5
14 15 4
15 4 5
O28 ab
20 20
0 19
1 35
2 2
3 18
4 19
5 35
6 2
7 18
8 19
9 35
10 2
11 18
12 19
13 35
14 2
15 18
16 19
17 35
18 2
19 18
0 1 4
1 2 36
2 3 4
3 4 4
4 5 4
5 6 36
6 7 4
7 8 4
8 9 4
9 10 36
10 11 4
11 12 4
12 13 4
13 14 36
14 15 4
15 16 4
16 17 4
17 18 36
18 19 4
19 0 4
O32
20 20
0 7
1 29
2 15
3 39
4 2
5 7
6 29
7 15
8 39
9 2
10 7
11 29
12 15
13 39
14 2
15 7
16 29
17 15
18 39
19 2
0 1 5
1 2 12
2 3 5
3 4 5
4 5 12
5 6 5
6 7 12
7 8 5
8 9 5
9 10 12
10 11 5
11 12 12
12 13 5
13 14 5
14 15 12
15 16 5
16 17 12
17 18 5
18 19 5
19 0 12
O28 ab
20 20
0 19
1 35
2 2
3 18
4 19
5 35
6 2
7 18
8 19
9 35
10 2
11 18
12 19
13 35
14 2
15 18
16 19
17 35
18 2
19 18
0 1 4
1 2 36
2 3 4
3 4 4
4 5 4
5 6 36
6 7 4
7 8 4
8 9 4
9 10 36
10 11 4
11 12 4
12 13 4
13 14 36
14 15 4
15 16 4
16 17 4
17 18 36
18 19 4
19 0 4
O35
24 24
0 0
1 0
2 0
3 0
4 2
5 0
6 0
7 0
8 0
9 2
10 0
11 0
12 0
13 0
14 2
15 0
16 0
17 0
18 0
19 2
20 40
21 40
22 40
23 40
0 1 6
1 2 4
2 3 6
3 4 4
4 5 4
5 6 6
6 7 4
7 8 6
8 9 4
9 10 4
10 11 6
11 12 4
12 13 6
13 14 4
14 15 4
15 16 6
16 17 4
17 18 6
18 19 4
19 0 4
20 0 6
21 5 6
22 10 6
23 15 6
O28 ab
12 12
0 19
1 35
2 2
3 18
4 19
5 35
6 2
7 18
8 19
9 35
10 2
11 18
0 1 4
1 2 36
2 3 4
3 4 4
4 5 4
5 6 36
6 7 4
7 8 4
8 9 4
9 10 36
10 11 4
11 0 4
O36
20 20
0 0
1 23
2 0
3 23
4 0
5 23
6 0
7 23
8 21
9 23
10 2
11 21
12 23
13 2
14 21
15 23
16 2
17 21
18 23
19 2
0 1 6
1 8 4
2 3 6
3 11 4
4 5 6
5 14 4
6 7 6
7 17 4
8 9 4
9 10 4
10 11 5
11 12 4
12 13 4
13 14 5
14 15 4
15 16 4
16 17 5
17 18 4
18 19 4
19 8 5
O28 ab
4 4
0 19
1 35
2 2
3 18
0 1 4
1 2 36
2 3 4
3 0 4
O37
5 5
0 24
1 7
2 15
3 24
4 35
0 1 4
1 2 5
2 3 4
3 0 5
4 0 41
O28 ab
4 4
0 19
1 35
2 2
3 18
0 1 4
1 2 36
2 3 4
3 0 4
O38
5 5
0 18
1 2
2 24
3 29
4 24
0 2 5
1 2 4
2 3 5
3 4 4
4 1 12
O28 ab
4 4
0 19
1 35
2 2
3 18
0 1 4
1 2 36
2 3 4
3 0 4
O39
5 5
0 7
1 42
2 21
3 0
4 18
0 2 4
1 2 6
2 3 5
3 4 4
4 1 4
O28 ab
4 4
0 19
1 35
2 2
3 18
0 1 4
1 2 36
2 3 4
3 0 4
O40
4 4
0 15
1 17
2 7
3 2
0 1 5
1 2 5
2 3 4
3 0 6
O28 ab
20 20
0 19
1 35
2 2
3 18
4 19
5 35
6 2
7 18
8 19
9 35
10 2
11 18
12 19
13 35
14 2
15 18
16 19
17 35
18 2
19 18
0 1 4
1 2 36
2 3 4
3 4 4
4 5 4
5 6 36
6 7 4
7 8 4
8 9 4
9 10 36
10 11 4
11 12 4
12 13 4
13 14 36
14 15 4
15 16 4
16 17 4
17 18 36
18 19 4
19 0 4
O41
24 24
0 19
1 19
2 19
3 19
4 7
5 23
6 2
7 23
8 2
9 7
10 23
11 2
12 23
13 2
14 7
15 23
16 2
17 23
18 2
19 7
20 23
21 2
22 23
23 2
0 5 5
1 10 5
2 15 5
3 20 5
4 5 4
5 6 5
6 7 4
7 8 4
8 9 4
9 10 4
10 11 5
11 12 4
12 13 4
13 14 4
14 15 4
15 16 5
16 17 4
17 18 4
18 19 4
19 20 4
20 21 5
21 22 4
22 23 4
23 4 4
O28 ab
4 4
0 19
1 35
2 2
3 18
0 1 4
1 2 36
2 3 4
3 0 4
O42
5 5
0 35
1 2
2 37
3 18
4 10
0 1 36
1 2 4
2 3 4
3 0 6
4 1 4
O28 ab
4 4
0 19
1 35
2 2
3 18
0 1 4
1 2 36
2 3 4
3 0 4
O43
5 5
0 23
1 43
2 21
3 23
4 24
0 1 4
1 2 4
2 3 4
3 4 4
4 1 5
O28 ab
4 4
0 19
1 35
2 2
3 18
0 1 4
1 2 36
2 3 4
3 0 4
O44
5 5
0 10
1 21
2 21
3 17
4 18
0 3 5
1 2 6
2 3 6
3 4 4
4 1 12
O28 ab
12 12
0 19
1 35
2 2
3 18
4 19
5 35
6 2
7 18
8 19
9 35
10 2
11 18
0 1 4
1 2 36
2 3 4
3 4 4
4 5 4
5 6 36
6 7 4
7 8 4
8 9 4
9 10 36
10 11 4
11 0 4
O45
12 12
0 19
1 44
2 45
3 19
4 44
5 45
6 19
7 44
8 45
9 19
10 44
11 45
0 1 4
1 2 4
2 3 6
3 4 4
4 5 4
5 6 6
6 7 4
7 8 4
8 9 6
9 10 4
10 11 4
11 0 6
O28 ab
12 12
0 19
1 35
2 2
3 18
4 19
5 35
6 2
7 18
8 19
9 35
10 2
11 18
0 1 4
1 2 36
2 3 4
3 4 4
4 5 4
5 6 36
6 7 4
7 8 4
8 9 4
9 10 36
10 11 4
11 0 4
O45 rel
12 12
0 19
1 44
2 2
3 19
4 44
5 2
6 19
7 44
8 2
9 19
10 44
11 2
0 1 4
1 2 4
2 3 6
3 4 4
4 5 4
5 6 6
6 7 4
7 8 4
8 9 6
9 10 4
10 11 4
11 0 6
O28 ab
4 4
0 19
1 35
2 2
3 18
0 1 4
1 2 36
2 3 4
3 0 4
O46
4 4
0 46
1 15
2 19
3 24
0 1 12
1 2 12
2 3 4
3 0 5
O28 ab
4 4
0 19
1 35
2 2
3 18
0 1 4
1 2 36
2 3 4
3 0 4
O48
5 5
0 24
1 7
2 0
3 2
4 47
0 1 4
1 2 5
2 3 4
3 0 5
4 0 4
O28 ab
4 4
0 19
1 35
2 2
3 18
0 1 4
1 2 36
2 3 4
3 0 4
O49
4 4
0 48
1 24
2 0
3 49
0 1 5
1 2 5
2 3 4
3 0 6
O28 ab
4 4
0 19
1 35
2 2
3 18
0 1 4
1 2 36
2 3 4
3 0 4
O52
4 4
0 50
1 51
2 50
3 51
0 1 4
1 2 4
2 3 4
3 0 4
O28 ab
4 4
0 19
1 35
2 2
3 18
0 1 4
1 2 36
2 3 4
3 0 4
O53
5 5
0 10
1 0
2 29
3 1
4 2
0 1 6
1 2 5
2 3 4
3 4 5
4 1 4
O28 ab
12 12
0 19
1 35
2 2
3 18
4 19
5 35
6 2
7 18
8 19
9 35
10 2
11 18
0 1 4
1 2 36
2 3 4
3 4 4
4 5 4
5 6 36
6 7 4
7 8 4
8 9 4
9 10 36
10 11 4
11 0 4
O55
20 20
0 2
1 7
2 24
3 2
4 7
5 24
6 2
7 7
8 24
9 2
10 7
11 24
12 52
13 15
14 52
15 15
16 52
17 15
18 52
19 15
0 1 4
1 2 4
2 3 12
3 4 4
4 5 4
5 6 12
6 7 4
7 8 4
8 9 12
9 10 4
10 11 4
11 0 12
12 13 6
13 0 4
14 15 6
15 3 4
16 17 6
17 6 4
18 19 6
19 9 4
O28 ab
12 12
0 19
1 35
2 2
3 18
4 19
5 35
6 2
7 18
8 19
9 35
10 2
11 18
0 1 4
1 2 36
2 3 4
3 4 4
4 5 4
5 6 36
6 7 4
7 8 4
8 9 4
9 10 36
10 11 4
11 0 4
O56
16 16
0 31
1 19
2 2
3 31
4 19
5 2
6 31
7 19
8 2
9 31
10 19
11 2
12 7
13 7
14 7
15 7
0 1 33
1 2 4
2 3 32
3 4 33
4 5 4
5 6 32
6 7 33
7 8 4
8 9 32
9 10 33
10 11 4
11 0 32
12 1 6
13 4 6
14 7 6
15 10 6
O28 ab
12 12
0 19
1 35
2 2
3 18
4 19
5 35
6 2
7 18
8 19
9 35
10 2
11 18
0 1 4
1 2 36
2 3 4
3 4 4
4 5 4
5 6 36
6 7 4
7 8 4
8 9 4
9 10 36
10 11 4
11 0 4
O58
16 16
0 17
1 21
2 2
3 17
4 21
5 2
6 17
7 21
8 2
9 17
10 21
11 2
12 53
13 53
14 53
15 53
0 1 5
1 2 4
2 3 5
3 4 5
4 5 4
5 6 5
6 7 5
7 8 4
8 9 5
9 10 5
10 11 4
11 0 5
12 0 4
13 3 4
14 6 4
15 9 4
O28 ab
4 4
0 19
1 35
2 2
3 18
0 1 4
1 2 36
2 3 4
3 0 4
O59
5 5
0 47
1 21
2 21
3 17
4 18
0 1 4
1 2 4
2 3 4
3 4 4
4 1 12
O28 ab
12 12
0 19
1 35
2 2
3 18
4 19
5 35
6 2
7 18
8 19
9 35
10 2
11 18
0 1 4
1 2 36
2 3 4
3 4 4
4 5 4
5 6 36
6 7 4
7 8 4
8 9 4
9 10 36
10 11 4
11 0 4
O61
12 12
0 54
1 19
2 16
3 54
4 19
5 16
6 54
7 19
8 16
9 54
10 19
11 16
0 1 55
1 2 4
2 3 5
3 4 55
4 5 4
5 6 5
6 7 55
7 8 4
8 9 5
9 10 55
10 11 4
11 0 5
O28 ab
12 12
0 19
1 35
2 2
3 18
4 19
5 35
6 2
7 18
8 19
9 35
10 2
11 18
0 1 4
1 2 36
2 3 4
3 4 4
4 5 4
5 6 36
6 7 4
7 8 4
8 9 4
9 10 36
10 11 4
11 0 4
O62
20 20
0 10
1 10
2 10
3 10
4 25
5 25
6 25
7 25
8 25
9 25
10 25
11 25
12 25
13 25
14 25
15 25
16 10
17 10
18 10
19 10
0 4 6
1 7 6
2 10 6
3 13 6
4 5 56
5 6 4
6 7 56
7 8 56
8 9 4
9 10 56
10 11 56
11 12 4
12 13 56
13 14 56
14 15 4
15 4 56
16 5 6
17 8 6
18 11 6
19 14 6
O28 ab
4 4
0 19
1 35
2 2
3 18
0 1 4
1 2 36
2 3 4
3 0 4
O64
5 5
0 15
1 57
2 29
3 15
4 2
0 3 12
1 2 4
2 3 4
3 4 4
4 1 4
O28 ab
20 20
0 19
1 35
2 2
3 18
4 19
5 35
6 2
7 18
8 19
9 35
10 2
11 18
12 19
13 35
14 2
15 18
16 19
17 35
18 2
19 18
0 1 4
1 2 36
2 3 4
3 4 4
4 5 4
5 6 36
6 7 4
7 8 4
8 9 4
9 10 36
10 11 4
11 12 4
12 13 4
13 14 36
14 15 4
15 16 4
16 17 4
17 18 36
18 19 4
19 0 4
O65
20 20
0 13
1 58
2 16
3 59
4 18
5 13
6 58
7 16
8 59
9 18
10 13
11 58
12 16
13 59
14 18
15 13
16 58
17 16
18 59
19 18
0 1 5
1 2 5
2 3 5
3 4 4
4 5 6
5 6 5
6 7 5
7 8 5
8 9 4
9 10 6
10 11 5
11 12 5
12 13 5
13 14 4
14 15 6
15 16 5
16 17 5
17 18 5
18 19 4
19 0 6
O28 ab
20 20
0 19
1 35
2 2
3 18
4 19
5 35
6 2
7 18
8 19
9 35
10 2
11 18
12 19
13 35
14 2
15 18
16 19
17 35
18 2
19 18
0 1 4
1 2 36
2 3 4
3 4 4
4 5 4
5 6 36
6 7 4
7 8 4
8 9 4
9 10 36
10 11 4
11 12 4
12 13 4
13 14 36
14 15 4
15 16 4
16 17 4
17 18 36
18 19 4
19 0 4
O66
20 20
0 60
1 61
2 18
3 17
4 18
5 60
6 61
7 18
8 17
9 18
10 60
11 61
12 18
13 17
14 18
15 60
16 61
17 18
18 17
19 18
0 1 4
1 2 4
2 3 6
3 4 4
4 5 6
5 6 4
6 7 4
7 8 6
8 9 4
9 10 6
10 11 4
11 12 4
12 13 6
13 14 4
14 15 6
15 16 4
16 17 4
17 18 6
18 19 4
19 0 6
O28 ab
20 20
0 19
1 35
2 2
3 18
4 19
5 35
6 2
7 18
8 19
9 35
10 2
11 18
12 19
13 35
14 2
15 18
16 19
17 35
18 2
19 18
0 1 4
1 2 36
2 3 4
3 4 4
4 5 4
5 6 36
6 7 4
7 8 4
8 9 4
9 10 36
10 11 4
11 12 4
12 13 4
13 14 36
14 15 4
15 16 4
16 17 4
17 18 36
18 19 4
19 0 4
O68
28 28
0 0
1 0
2 0
3 0
4 21
5 21
6 21
7 17
8 18
9 21
10 21
11 21
12 17
13 18
14 21
15 21
16 21
17 17
18 18
19 21
20 21
21 21
22 17
23 18
24 10
25 10
26 10
27 10
0 4 4
1 9 4
2 14 4
3 19 4
4 5 6
5 6 6
6 7 6
7 8 4
8 9 12
9 10 6
10 11 6
11 12 6
12 13 4
13 14 12
14 15 6
15 16 6
16 17 6
17 18 4
18 19 12
19 20 6
20 21 6
21 22 6
22 23 4
23 4 12
24 5 4
25 10 4
26 15 4
27 20 4
O28 ab
20 20
0 19
1 35
2 2
3 18
4 19
5 35
6 2
7 18
8 19
9 35
10 2
11 18
12 19
13 35
14 2
15 18
16 19
17 35
18 2
19 18
0 1 4
1 2 36
2 3 4
3 4 4
4 5 4
5 6 36
6 7 4
7 8 4
8 9 4
9 10 36
10 11 4
11 12 4
12 13 4
13 14 36
14 15 4
15 16 4
16 17 4
17 18 36
18 19 4
19 0 4
O69
20 20
0 62
1 0
2 0
3 7
4 18
5 62
6 0
7 0
8 7
9 18
10 62
11 0
12 0
13 7
14 18
15 62
16 0
17 0
18 7
19 18
0 1 6
1 2 6
2 3 6
3 4 4
4 5 4
5 6 6
6 7 6
7 8 6
8 9 4
9 10 4
10 11 6
11 12 6
12 13 6
13 14 4
14 15 4
15 16 6
16 17 6
17 18 6
18 19 4
19 0 4
O28 ab
4 4
0 19
1 35
2 2
3 18
0 1 4
1 2 36
2 3 4
3 0 4
O70
5 5
0 13
1 63
2 15
3 16
4 10
0 1 4
1 2 4
2 3 4
3 0 5
4 3 5
O28 ab
4 4
0 19
1 35
2 2
3 18
0 1 4
1 2 36
2 3 4
3 0 4
O71
4 4
0 64
1 0
2 15
3 16
0 1 4
1 2 5
2 3 4
3 0 5
O28 ab
4 4
0 19
1 35
2 2
3 18
0 1 4
1 2 36
2 3 4
3 0 4
O73
6 6
0 10
1 21
2 21
3 17
4 18
5 10
0 2 5
1 2 6
2 3 6
3 4 4
4 1 12
5 3 4
O28 ab
4 4
0 19
1 35
2 2
3 18
0 1 4
1 2 36
2 3 4
3 0 4
O73 ab
5 5
0 10
1 21
2 21
3 17
4 16
0 3 4
1 2 6
2 3 6
3 4 4
4 1 5
O28 ab
12 12
0 19
1 35
2 2
3 18
4 19
5 35
6 2
7 18
8 19
9 35
10 2
11 18
0 1 4
1 2 36
2 3 4
3 4 4
4 5 4
5 6 36
6 7 4
7 8 4
8 9 4
9 10 36
10 11 4
11 0 4
O74
16 16
0 18
1 59
2 2
3 18
4 59
5 2
6 18
7 59
8 2
9 18
10 59
11 2
12 65
13 65
14 65
15 65
0 1 5
1 2 4
2 3 12
3 4 5
4 5 4
5 6 12
6 7 5
7 8 4
8 9 12
9 10 5
10 11 4
11 0 12
12 0 4
13 3 4
14 6 4
15 9 4
O28 ab
12 12
0 19
1 35
2 2
3 18
4 19
5 35
6 2
7 18
8 19
9 35
10 2
11 18
0 1 4
1 2 36
2 3 4
3 4 4
4 5 4
5 6 36
6 7 4
7 8 4
8 9 4
9 10 36
10 11 4
11 0 4
O75
16 16
0 17
1 17
2 17
3 17
4 7
5 0
6 2
7 7
8 0
9 2
10 7
11 0
12 2
13 7
14 0
15 2
0 4 5
1 7 5
2 10 5
3 13 5
4 5 5
5 6 4
6 7 4
7 8 5
8 9 4
9 10 4
10 11 5
11 12 4
12 13 4
13 14 5
14 15 4
15 4 4
O28 ab
4 4
0 19
1 35
2 2
3 18
0 1 4
1 2 36
2 3 4
3 0 4
O76
4 4
0 29
1 30
2 16
3 24
0 1 5
1 2 5
2 3 4
3 0 5
O28 ab
4 4
0 19
1 35
2 2
3 18
0 1 4
1 2 36
2 3 4
3 0 4
O77
4 4
0 21
1 21
2 17
3 18
0 1 6
1 2 6
2 3 4
3 0 12
O28 ab
4 4
0 19
1 35
2 2
3 18
0 1 4
1 2 36
2 3 4
3 0 4
O78
4 4
0 2
1 17
2 21
3 2
0 1 5
1 2 5
2 3 4
3 0 5
O28 ab
20 20
0 19
1 35
2 2
3 18
4 19
5 35
6 2
7 18
8 19
9 35
10 2
11 18
12 19
13 35
14 2
15 18
16 19
17 35
18 2
19 18
0 1 4
1 2 36
2 3 4
3 4 4
4 5 4
5 6 36
6 7 4
7 8 4
8 9 4
9 10 36
10 11 4
11 12 4
12 13 4
13 14 36
14 15 4
15 16 4
16 17 4
17 18 36
18 19 4
19 0 4
O79
24 24
0 0
1 0
2 0
3 0
4 15
5 66
6 17
7 29
8 18
9 15
10 66
11 17
12 29
13 18
14 15
15 66
16 17
17 29
18 18
19 15
20 66
21 17
22 29
23 18
0 5 4
1 10 4
2 15 4
3 20 4
4 5 5
5 6 4
6 7 5
7 8 4
8 9 6
9 10 5
10 11 4
11 12 5
12 13 4
13 14 6
14 15 5
15 16 4
16 17 5
17 18 4
18 19 6
19 20 5
20 21 4
21 22 5
22 23 4
23 4 6
O28 ab
4 4
0 19
1 35
2 2
3 18
0 1 4
1 2 36
2 3 4
3 0 4
O82
5 5
0 67
1 10
2 15
3 19
4 2
0 1 68
1 2 5
2 3 5
3 4 4
4 1 5
O28 ab
20 20
0 19
1 35
2 2
3 18
4 19
5 35
6 2
7 18
8 19
9 35
10 2
11 18
12 19
13 35
14 2
15 18
16 19
17 35
18 2
19 18
0 1 4
1 2 36
2 3 4
3 4 4
4 5 4
5 6 36
6 7 4
7 8 4
8 9 4
9 10 36
10 11 4
11 12 4
12 13 4
13 14 36
14 15 4
15 16 4
16 17 4
17 18 36
18 19 4
19 0 4
O83
20 20
0 10
1 29
2 15
3 15
4 2
5 10
6 29
7 15
8 15
9 2
10 10
11 29
12 15
13 15
14 2
15 10
16 29
17 15
18 15
19 2
0 1 5
1 2 12
2 3 5
3 4 5
4 5 12
5 6 5
6 7 12
7 8 5
8 9 5
9 10 12
10 11 5
11 12 12
12 13 5
13 14 5
14 15 12
15 16 5
16 17 12
17 18 5
18 19 5
19 0 12
O28 ab
4 4
0 19
1 35
2 2
3 18
0 1 4
1 2 36
2 3 4
3 0 4
O85
5 5
0 69
1 7
2 3
3 25
4 2
0 1 5
1 2 4
2 3 12
3 4 4
4 1 6
O28 ab
4 4
0 19
1 35
2 2
3 18
0 1 4
1 2 36
2 3 4
3 0 4
O86
5 5
0 7
1 23
2 15
3 16
4 24
0 2 4
1 2 6
2 3 4
3 4 4
4 1 5
O28 ab
4 4
0 19
1 35
2 2
3 18
0 1 4
1 2 36
2 3 4
3 0 4
O86.2
5 5
0 7
1 15
2 16
3 16
4 23
0 1 4
1 2 4
2 3 4
3 0 6
4 1 6
O28 ab
4 4
0 19
1 35
2 2
3 18
0 1 4
1 2 36
2 3 4
3 0 4
O86.3
5 5
0 7
1 23
2 15
3 16
4 24
0 2 4
1 2 6
2 3 4
3 4 4
4 1 5
O28 ab
4 4
0 19
1 35
2 2
3 18
0 1 4
1 2 36
2 3 4
3 0 4
O87
4 4
0 25
1 7
2 70
3 24
0 1 5
1 2 4
2 3 4
3 0 4
O28 ab
12 12
0 19
1 35
2 2
3 18
4 19
5 35
6 2
7 18
8 19
9 35
10 2
11 18
0 1 4
1 2 36
2 3 4
3 4 4
4 5 4
5 6 36
6 7 4
7 8 4
8 9 4
9 10 36
10 11 4
11 0 4
O88
16 16
0 21
1 21
2 2
3 21
4 21
5 2
6 21
7 21
8 2
9 21
10 21
11 2
12 61
13 61
14 61
15 61
0 1 4
1 2 4
2 3 5
3 4 4
4 5 4
5 6 5
6 7 4
7 8 4
8 9 5
9 10 4
10 11 4
11 0 5
12 0 4
13 3 4
14 6 4
15 9 4
O28 ab
4 4
0 19
1 35
2 2
3 18
0 1 4
1 2 36
2 3 4
3 0 4
O90
4 4
0 71
1 15
2 16
3 24
0 1 6
1 2 4
2 3 4
3 0 5
O28 ab
20 20
0 19
1 35
2 2
3 18
4 19
5 35
6 2
7 18
8 19
9 35
10 2
11 18
12 19
13 35
14 2
15 18
16 19
17 35
18 2
19 18
0 1 4
1 2 36
2 3 4
3 4 4
4 5 4
5 6 36
6 7 4
7 8 4
8 9 4
9 10 36
10 11 4
11 12 4
12 13 4
13 14 36
14 15 4
15 16 4
16 17 4
17 18 36
18 19 4
19 0 4
O91
20 20
0 72
1 15
2 2
3 73
4 2
5 72
6 15
7 2
8 73
9 2
10 72
11 15
12 2
13 73
14 2
15 72
16 15
17 2
18 73
19 2
0 1 5
1 2 5
2 3 5
3 4 4
4 5 5
5 6 5
6 7 5
7 8 5
8 9 4
9 10 5
10 11 5
11 12 5
12 13 5
13 14 4
14 15 5
15 16 5
16 17 5
17 18 5
18 19 4
19 0 5
O28 ab
4 4
0 19
1 35
2 2
3 18
0 1 4
1 2 36
2 3 4
3 0 4
O96
5 5
0 74
1 2
2 25
3 2
4 25
0 1 5
1 2 56
2 3 4
3 0 6
4 0 5
O28 ab
4 4
0 19
1 35
2 2
3 18
0 1 4
1 2 36
2 3 4
3 0 4
O97
8 8
0 75
1 75
2 0
3 1
4 0
5 1
6 75
7 75
0 2 76
1 4 76
2 3 4
3 4 4
4 5 4
5 2 4
6 3 76
7 5 76
O28 ab
4 4
0 19
1 35
2 2
3 18
0 1 4
1 2 36
2 3 4
3 0 4
O98
4 4
0 77
1 78
2 77
3 2
0 1 5
1 2 4
2 3 4
3 0 4
O28 ab
4 4
0 19
1 35
2 2
3 18
0 1 4
1 2 36
2 3 4
3 0 4
O99
6 6
0 10
1 10
2 79
3 79
4 79
5 79
0 2 6
1 5 6
2 3 6
3 4 6
4 5 4
5 2 4
O28 ab
4 4
0 19
1 35
2 2
3 18
0 1 4
1 2 36
2 3 4
3 0 4
O100
5 5
0 0
1 0
2 7
3 2
4 35
0 1 4
1 2 4
2 3 4
3 0 6
4 0 38
O28 ab
4 4
0 19
1 35
2 2
3 18
0 1 4
1 2 36
2 3 4
3 0 4
O101
4 4
0 18
1 16
2 18
3 16
0 1 5
1 2 12
2 3 5
3 0 12
O28 ab
12 12
0 19
1 35
2 2
3 18
4 19
5 35
6 2
7 18
8 19
9 35
10 2
11 18
0 1 4
1 2 36
2 3 4
3 4 4
4 5 4
5 6 36
6 7 4
7 8 4
8 9 4
9 10 36
10 11 4
11 0 4
O102
20 20
0 0
1 24
2 0
3 24
4 0
5 24
6 0
7 24
8 7
9 19
10 24
11 7
12 19
13 24
14 7
15 19
16 24
17 7
18 19
19 24
0 1 5
1 8 4
2 3 5
3 11 4
4 5 5
5 14 4
6 7 5
7 17 4
8 9 12
9 10 4
10 11 5
11 12 12
12 13 4
13 14 5
14 15 12
15 16 4
16 17 5
17 18 12
18 19 4
19 8 5
O28 ab
20 20
0 19
1 35
2 2
3 18
4 19
5 35
6 2
7 18
8 19
9 35
10 2
11 18
12 19
13 35
14 2
15 18
16 19
17 35
18 2
19 18
0 1 4
1 2 36
2 3 4
3 4 4
4 5 4
5 6 36
6 7 4
7 8 4
8 9 4
9 10 36
10 11 4
11 12 4
12 13 4
13 14 36
14 15 4
15 16 4
16 17 4
17 18 36
18 19 4
19 0 4
O103
20 20
0 19
1 80
2 18
3 16
4 2
5 19
6 80
7 18
8 16
9 2
10 19
11 80
12 18
13 16
14 2
15 19
16 80
17 18
18 16
19 2
0 1 6
1 2 12
2 3 5
3 4 4
4 5 6
5 6 6
6 7 12
7 8 5
8 9 4
9 10 6
10 11 6
11 12 12
12 13 5
13 14 4
14 15 6
15 16 6
16 17 12
17 18 5
18 19 4
19 0 6
O28 ab
4 4
0 19
1 35
2 2
3 18
0 1 4
1 2 36
2 3 4
3 0 4
O104
4 4
0 7
1 81
2 15
3 24
0 1 5
1 2 33
2 3 4
3 0 5
O28 ab
4 4
0 19
1 35
2 2
3 18
0 1 4
1 2 36
2 3 4
3 0 4
O105
6 6
0 14
1 74
2 0
3 1
4 0
5 2
0 1 5
1 2 6
2 3 4
3 4 5
4 5 4
5 2 4
