200
O45
12 12
0 19
1 44
2 45
3 19
4 44
5 45
6 19
7 44
8 45
9 19
10 44
11 45
0 1 4
1 2 4
2 3 6
3 4 4
4 5 4
5 6 6
6 7 4
7 8 4
8 9 6
9 10 4
10 11 4
11 0 6
O165
12 12
0 111
1 15
2 19
3 18
4 111
5 15
6 19
7 18
8 111
9 15
10 19
11 18
0 1 83
1 2 5
2 3 4
3 4 101
4 5 83
5 6 5
6 7 4
7 8 101
8 9 83
9 10 5
10 11 4
11 0 101
O45
12 12
0 19
1 44
2 45
3 19
4 44
5 45
6 19
7 44
8 45
9 19
10 44
11 45
0 1 4
1 2 4
2 3 6
3 4 4
4 5 4
5 6 6
6 7 4
7 8 4
8 9 6
9 10 4
10 11 4
11 0 6
O166
15 15
0 7
1 7
2 16
3 24
4 7
5 7
6 16
7 24
8 7
9 7
10 16
11 24
12 19
13 19
14 19
0 1 12
1 2 5
2 3 4
3 4 4
4 5 12
5 6 5
6 7 4
7 8 4
8 9 12
9 10 5
10 11 4
11 0 4
12 2 4
13 6 4
14 10 4
O45
15 15
0 19
1 44
2 45
3 19
4 44
5 45
6 19
7 44
8 45
9 19
10 44
11 45
12 19
13 44
14 45
0 1 4
1 2 4
2 3 6
3 4 4
4 5 4
5 6 6
6 7 4
7 8 4
8 9 6
9 10 4
10 11 4
11 12 6
12 13 4
13 14 4
14 0 6
O167
18 18
0 69
1 69
2 69
3 112
4 18
5 25
6 25
7 2
8 112
9 18
10 25
11 25
12 2
13 112
14 18
15 25
16 25
17 2
0 3 5
1 8 5
2 13 5
3 4 4
4 5 6
5 6 56
6 7 4
7 8 6
8 9 4
9 10 6
10 11 56
11 12 4
12 13 6
13 14 4
14 15 6
15 16 56
16 17 4
17 3 6
O45
12 12
0 19
1 44
2 45
3 19
4 44
5 45
6 19
7 44
8 45
9 19
10 44
11 45
0 1 4
1 2 4
2 3 6
3 4 4
4 5 4
5 6 6
6 7 4
7 8 4
8 9 6
9 10 4
10 11 4
11 0 6
O168
15 15
0 23
1 23
2 23
3 18
4 74
5 23
6 2
7 18
8 74
9 23
10 2
11 18
12 74
13 23
14 2
0 3 4
1 7 4
2 11 4
3 4 5
4 5 4
5 6 4
6 7 5
7 8 5
8 9 4
9 10 4
10 11 5
11 12 5
12 13 4
13 14 4
14 3 5
O45
12 12
0 19
1 44
2 45
3 19
4 44
5 45
6 19
7 44
8 45
9 19
10 44
11 45
0 1 4
1 2 4
2 3 6
3 4 4
4 5 4
5 6 6
6 7 4
7 8 4
8 9 6
9 10 4
10 11 4
11 0 6
O169
18 18
0 19
1 19
2 19
3 7
4 21
5 21
6 24
7 7
8 21
9 21
10 24
11 7
12 21
13 21
14 24
15 29
16 29
17 29
0 3 12
1 7 12
2 11 12
3 4 12
4 5 6
5 6 4
6 7 4
7 8 12
8 9 6
9 10 4
10 11 4
11 12 12
12 13 6
13 14 4
14 3 4
15 3 5
16 7 5
17 11 5
O45
12 12
0 19
1 44
2 45
3 19
4 44
5 45
6 19
7 44
8 45
9 19
10 44
11 45
0 1 4
1 2 4
2 3 6
3 4 4
4 5 4
5 6 6
6 7 4
7 8 4
8 9 6
9 10 4
10 11 4
11 0 6
O170
15 15
0 2
1 29
2 25
3 2
4 2
5 29
6 25
7 2
8 2
9 29
10 25
11 2
12 25
13 25
14 25
0 1 5
1 2 4
2 3 4
3 4 5
4 5 5
5 6 4
6 7 4
7 8 5
8 9 5
9 10 4
10 11 4
11 0 5
12 0 4
13 4 4
14 8 4
O45
15 15
0 19
1 44
2 45
3 19
4 44
5 45
6 19
7 44
8 45
9 19
10 44
11 45
12 19
13 44
14 45
0 1 4
1 2 4
2 3 6
3 4 4
4 5 4
5 6 6
6 7 4
7 8 4
8 9 6
9 10 4
10 11 4
11 12 6
12 13 4
13 14 4
14 0 6
O171
15 15
0 81
1 15
2 19
3 15
4 24
5 81
6 15
7 19
8 15
9 24
10 81
11 15
12 19
13 15
14 24
0 1 83
1 2 12
2 3 4
3 4 4
4 5 5
5 6 83
6 7 12
7 8 4
8 9 4
9 10 5
10 11 83
11 12 12
12 13 4
13 14 4
14 0 5
O45
15 15
0 19
1 44
2 45
3 19
4 44
5 45
6 19
7 44
8 45
9 19
10 44
11 45
12 19
13 44
14 45
0 1 4
1 2 4
2 3 6
3 4 4
4 5 4
5 6 6
6 7 4
7 8 4
8 9 6
9 10 4
10 11 4
11 12 6
12 13 4
13 14 4
14 0 6
O172
15 15
0 11
1 113
2 10
3 11
4 18
5 11
6 113
7 10
8 11
9 18
10 11
11 113
12 10
13 11
14 18
0 1 5
1 2 114
2 3 4
3 4 4
4 5 4
5 6 5
6 7 114
7 8 4
8 9 4
9 10 4
10 11 5
11 12 114
12 13 4
13 14 4
14 0 4
O45
12 12
0 19
1 44
2 45
3 19
4 44
5 45
6 19
7 44
8 45
9 19
10 44
11 45
0 1 4
1 2 4
2 3 6
3 4 4
4 5 4
5 6 6
6 7 4
7 8 4
8 9 6
9 10 4
10 11 4
11 0 6
O173
15 15
0 23
1 23
2 23
3 10
4 10
5 19
6 2
7 10
8 10
9 19
10 2
11 10
12 10
13 19
14 2
0 3 5
1 7 5
2 11 5
3 4 107
4 5 6
5 6 4
6 7 4
7 8 107
8 9 6
9 10 4
10 11 4
11 12 107
12 13 6
13 14 4
14 3 4
O45
3 3
0 19
1 44
2 45
0 1 4
1 2 4
2 0 6
O174 ab
4 4
0 2
1 29
2 15
3 24
0 1 6
1 2 4
2 3 4
3 1 5
O45
3 3
0 19
1 44
2 45
0 1 4
1 2 4
2 0 6
O174 ac
4 4
0 2
1 29
2 15
3 2
0 1 6
1 2 4
2 3 4
3 1 5
O45
15 15
0 19
1 44
2 45
3 19
4 44
5 45
6 19
7 44
8 45
9 19
10 44
11 45
12 19
13 44
14 45
0 1 4
1 2 4
2 3 6
3 4 4
4 5 4
5 6 6
6 7 4
7 8 4
8 9 6
9 10 4
10 11 4
11 12 6
12 13 4
13 14 4
14 0 6
O175
15 15
0 10
1 74
2 21
3 21
4 24
5 10
6 74
7 21
8 21
9 24
10 10
11 74
12 21
13 21
14 24
0 1 5
1 2 4
2 3 6
3 4 4
4 5 6
5 6 5
6 7 4
7 8 6
8 9 4
9 10 6
10 11 5
11 12 4
12 13 6
13 14 4
14 0 6
O45
12 12
0 19
1 44
2 45
3 19
4 44
5 45
6 19
7 44
8 45
9 19
10 44
11 45
0 1 4
1 2 4
2 3 6
3 4 4
4 5 4
5 6 6
6 7 4
7 8 4
8 9 6
9 10 4
10 11 4
11 0 6
O176
12 12
0 21
1 21
2 17
3 16
4 21
5 21
6 17
7 16
8 21
9 21
10 17
11 16
0 1 6
1 2 6
2 3 4
3 4 5
4 5 6
5 6 6
6 7 4
7 8 5
8 9 6
9 10 6
10 11 4
11 0 5
O45
12 12
0 19
1 44
2 45
3 19
4 44
5 45
6 19
7 44
8 45
9 19
10 44
11 45
0 1 4
1 2 4
2 3 6
3 4 4
4 5 4
5 6 6
6 7 4
7 8 4
8 9 6
9 10 4
10 11 4
11 0 6
O177
12 12
0 0
1 11
2 11
3 2
4 0
5 11
6 11
7 2
8 0
9 11
10 11
11 2
0 1 4
1 2 4
2 3 4
3 4 6
4 5 4
5 6 4
6 7 4
7 8 6
8 9 4
9 10 4
10 11 4
11 0 6
O45
15 15
0 19
1 44
2 45
3 19
4 44
5 45
6 19
7 44
8 45
9 19
10 44
11 45
12 19
13 44
14 45
0 1 4
1 2 4
2 3 6
3 4 4
4 5 4
5 6 6
6 7 4
7 8 4
8 9 6
9 10 4
10 11 4
11 12 6
12 13 4
13 14 4
14 0 6
O178
15 15
0 18
1 47
2 14
3 15
4 24
5 18
6 47
7 14
8 15
9 24
10 18
11 47
12 14
13 15
14 24
0 1 5
1 2 6
2 3 5
3 4 4
4 5 5
5 6 5
6 7 6
7 8 5
8 9 4
9 10 5
10 11 5
11 12 6
12 13 5
13 14 4
14 0 5
O45
12 12
0 19
1 44
2 45
3 19
4 44
5 45
6 19
7 44
8 45
9 19
10 44
11 45
0 1 4
1 2 4
2 3 6
3 4 4
4 5 4
5 6 6
6 7 4
7 8 4
8 9 6
9 10 4
10 11 4
11 0 6
O180
12 12
0 115
1 0
2 1
3 18
4 115
5 0
6 1
7 18
8 115
9 0
10 1
11 18
0 1 6
1 2 4
2 3 5
3 4 5
4 5 6
5 6 4
6 7 5
7 8 5
8 9 6
9 10 4
10 11 5
11 0 5
O45
12 12
0 19
1 44
2 45
3 19
4 44
5 45
6 19
7 44
8 45
9 19
10 44
11 45
0 1 4
1 2 4
2 3 6
3 4 4
4 5 4
5 6 6
6 7 4
7 8 4
8 9 6
9 10 4
10 11 4
11 0 6
O181
15 15
0 77
1 77
2 77
3 116
4 10
5 77
6 2
7 116
8 10
9 77
10 2
11 116
12 10
13 77
14 2
0 3 4
1 7 4
2 11 4
3 4 12
4 5 114
5 6 4
6 7 5
7 8 12
8 9 114
9 10 4
10 11 5
11 12 12
12 13 114
13 14 4
14 3 5
O45
3 3
0 19
1 44
2 45
0 1 4
1 2 4
2 0 6
O182
4 4
0 2
1 29
2 2
3 117
0 1 5
1 2 4
2 0 5
3 0 4
O45
12 12
0 19
1 44
2 45
3 19
4 44
5 45
6 19
7 44
8 45
9 19
10 44
11 45
0 1 4
1 2 4
2 3 6
3 4 4
4 5 4
5 6 6
6 7 4
7 8 4
8 9 6
9 10 4
10 11 4
11 0 6
O183
18 18
0 14
1 29
2 14
3 29
4 14
5 29
6 15
7 21
8 21
9 24
10 15
11 21
12 21
13 24
14 15
15 21
16 21
17 24
0 1 5
1 6 5
2 3 5
3 10 5
4 5 5
5 14 5
6 7 12
7 8 6
8 9 4
9 10 4
10 11 12
11 12 6
12 13 4
13 14 4
14 15 12
15 16 6
16 17 4
17 6 4
O45
12 12
0 19
1 44
2 45
3 19
4 44
5 45
6 19
7 44
8 45
9 19
10 44
11 45
0 1 4
1 2 4
2 3 6
3 4 4
4 5 4
5 6 6
6 7 4
7 8 4
8 9 6
9 10 4
10 11 4
11 0 6
O184
12 12
0 118
1 103
2 23
3 16
4 118
5 103
6 23
7 16
8 118
9 103
10 23
11 16
0 1 4
1 2 4
2 3 4
3 4 6
4 5 4
5 6 4
6 7 4
7 8 6
8 9 4
9 10 4
10 11 4
11 0 6
O45
15 15
0 19
1 44
2 45
3 19
4 44
5 45
6 19
7 44
8 45
9 19
10 44
11 45
12 19
13 44
14 45
0 1 4
1 2 4
2 3 6
3 4 4
4 5 4
5 6 6
6 7 4
7 8 4
8 9 6
9 10 4
10 11 4
11 12 6
12 13 4
13 14 4
14 0 6
O185
15 15
0 24
1 29
2 14
3 15
4 16
5 24
6 29
7 14
8 15
9 16
10 24
11 29
12 14
13 15
14 16
0 1 6
1 2 4
2 3 5
3 4 4
4 5 5
5 6 6
6 7 4
7 8 5
8 9 4
9 10 5
10 11 6
11 12 4
12 13 5
13 14 4
14 0 5
O45
12 12
0 19
1 44
2 45
3 19
4 44
5 45
6 19
7 44
8 45
9 19
10 44
11 45
0 1 4
1 2 4
2 3 6
3 4 4
4 5 4
5 6 6
6 7 4
7 8 4
8 9 6
9 10 4
10 11 4
11 0 6
O186
12 12
0 95
1 10
2 77
3 28
4 95
5 10
6 77
7 28
8 95
9 10
10 77
11 28
0 1 12
1 2 4
2 3 4
3 4 4
4 5 12
5 6 4
6 7 4
7 8 4
8 9 12
9 10 4
10 11 4
11 0 4
O45 rel
12 12
0 19
1 44
2 2
3 19
4 44
5 2
6 19
7 44
8 2
9 19
10 44
11 2
0 1 4
1 2 4
2 3 6
3 4 4
4 5 4
5 6 6
6 7 4
7 8 4
8 9 6
9 10 4
10 11 4
11 0 6
O46
12 12
0 46
1 15
2 19
3 24
4 46
5 15
6 19
7 24
8 46
9 15
10 19
11 24
0 1 12
1 2 12
2 3 4
3 4 5
4 5 12
5 6 12
6 7 4
7 8 5
8 9 12
9 10 12
10 11 4
11 0 5
O45 rel
12 12
0 19
1 44
2 2
3 19
4 44
5 2
6 19
7 44
8 2
9 19
10 44
11 2
0 1 4
1 2 4
2 3 6
3 4 4
4 5 4
5 6 6
6 7 4
7 8 4
8 9 6
9 10 4
10 11 4
11 0 6
O48
15 15
0 24
1 7
2 0
3 2
4 24
5 7
6 0
7 2
8 24
9 7
10 0
11 2
12 47
13 47
14 47
0 1 4
1 2 5
2 3 4
3 4 5
4 5 4
5 6 5
6 7 4
7 8 5
8 9 4
9 10 5
10 11 4
11 0 5
12 0 4
13 4 4
14 8 4
O45 rel
12 12
0 19
1 44
2 2
3 19
4 44
5 2
6 19
7 44
8 2
9 19
10 44
11 2
0 1 4
1 2 4
2 3 6
3 4 4
4 5 4
5 6 6
6 7 4
7 8 4
8 9 6
9 10 4
10 11 4
11 0 6
O49
12 12
0 48
1 24
2 0
3 49
4 48
5 24
6 0
7 49
8 48
9 24
10 0
11 49
0 1 5
1 2 5
2 3 4
3 4 6
4 5 5
5 6 5
6 7 4
7 8 6
8 9 5
9 10 5
10 11 4
11 0 6
O45 rel
6 6
0 19
1 44
2 2
3 19
4 44
5 2
0 1 4
1 2 4
2 3 6
3 4 4
4 5 4
5 0 6
O52
6 6
0 50
1 51
2 50
3 51
4 50
5 51
0 1 4
1 2 4
2 3 4
3 4 4
4 5 4
5 0 4
O45 rel
12 12
0 19
1 44
2 2
3 19
4 44
5 2
6 19
7 44
8 2
9 19
10 44
11 2
0 1 4
1 2 4
2 3 6
3 4 4
4 5 4
5 6 6
6 7 4
7 8 4
8 9 6
9 10 4
10 11 4
11 0 6
O53
15 15
0 10
1 10
2 10
3 0
4 29
5 1
6 2
7 0
8 29
9 1
10 2
11 0
12 29
13 1
14 2
0 3 6
1 7 6
2 11 6
3 4 5
4 5 4
5 6 5
6 7 4
7 8 5
8 9 4
9 10 5
10 11 4
11 12 5
12 13 4
13 14 5
14 3 4
O45 rel
3 3
0 19
1 44
2 2
0 1 4
1 2 4
2 0 6
O55
5 5
0 2
1 7
2 24
3 52
4 15
0 1 4
1 2 4
2 0 12
3 4 6
4 0 4
O45 rel
3 3
0 19
1 44
2 2
0 1 4
1 2 4
2 0 6
O56
4 4
0 31
1 19
2 2
3 7
0 1 33
1 2 4
2 0 32
3 1 6
O45 rel
3 3
0 19
1 44
2 2
0 1 4
1 2 4
2 0 6
O58
4 4
0 17
1 21
2 2
3 53
0 1 5
1 2 4
2 0 5
3 0 4
O45 rel
12 12
0 19
1 44
2 2
3 19
4 44
5 2
6 19
7 44
8 2
9 19
10 44
11 2
0 1 4
1 2 4
2 3 6
3 4 4
4 5 4
5 6 6
6 7 4
7 8 4
8 9 6
9 10 4
10 11 4
11 0 6
O59
15 15
0 47
1 47
2 47
3 21
4 21
5 17
6 18
7 21
8 21
9 17
10 18
11 21
12 21
13 17
14 18
0 3 4
1 7 4
2 11 4
3 4 4
4 5 4
5 6 4
6 7 12
7 8 4
8 9 4
9 10 4
10 11 12
11 12 4
12 13 4
13 14 4
14 3 12
O45 rel
3 3
0 19
1 44
2 2
0 1 4
1 2 4
2 0 6
O61
3 3
0 54
1 19
2 16
0 1 55
1 2 4
2 0 5
O45 rel
3 3
0 19
1 44
2 2
0 1 4
1 2 4
2 0 6
O62
5 5
0 10
1 25
2 25
3 25
4 10
0 1 6
1 2 56
2 3 4
3 1 56
4 2 6
O45 rel
12 12
0 19
1 44
2 2
3 19
4 44
5 2
6 19
7 44
8 2
9 19
10 44
11 2
0 1 4
1 2 4
2 3 6
3 4 4
4 5 4
5 6 6
6 7 4
7 8 4
8 9 6
9 10 4
10 11 4
11 0 6
O64
15 15
0 15
1 15
2 15
3 57
4 29
5 15
6 2
7 57
8 29
9 15
10 2
11 57
12 29
13 15
14 2
0 5 12
1 9 12
2 13 12
3 4 4
4 5 4
5 6 4
6 7 4
7 8 4
8 9 4
9 10 4
10 11 4
11 12 4
12 13 4
13 14 4
14 3 4
O45 rel
15 15
0 19
1 44
2 2
3 19
4 44
5 2
6 19
7 44
8 2
9 19
10 44
11 2
12 19
13 44
14 2
0 1 4
1 2 4
2 3 6
3 4 4
4 5 4
5 6 6
6 7 4
7 8 4
8 9 6
9 10 4
10 11 4
11 12 6
12 13 4
13 14 4
14 0 6
O65
15 15
0 13
1 58
2 16
3 59
4 18
5 13
6 58
7 16
8 59
9 18
10 13
11 58
12 16
13 59
14 18
0 1 5
1 2 5
2 3 5
3 4 4
4 5 6
5 6 5
6 7 5
7 8 5
8 9 4
9 10 6
10 11 5
11 12 5
12 13 5
13 14 4
14 0 6
O45 rel
15 15
0 19
1 44
2 2
3 19
4 44
5 2
6 19
7 44
8 2
9 19
10 44
11 2
12 19
13 44
14 2
0 1 4
1 2 4
2 3 6
3 4 4
4 5 4
5 6 6
6 7 4
7 8 4
8 9 6
9 10 4
10 11 4
11 12 6
12 13 4
13 14 4
14 0 6
O66
15 15
0 60
1 61
2 18
3 17
4 18
5 60
6 61
7 18
8 17
9 18
10 60
11 61
12 18
13 17
14 18
0 1 4
1 2 4
2 3 6
3 4 4
4 5 6
5 6 4
6 7 4
7 8 6
8 9 4
9 10 6
10 11 4
11 12 4
12 13 6
13 14 4
14 0 6
O45 rel
15 15
0 19
1 44
2 2
3 19
4 44
5 2
6 19
7 44
8 2
9 19
10 44
11 2
12 19
13 44
14 2
0 1 4
1 2 4
2 3 6
3 4 4
4 5 4
5 6 6
6 7 4
7 8 4
8 9 6
9 10 4
10 11 4
11 12 6
12 13 4
13 14 4
14 0 6
O68
21 21
0 0
1 0
2 0
3 21
4 21
5 21
6 17
7 18
8 21
9 21
10 21
11 17
12 18
13 21
14 21
15 21
16 17
17 18
18 10
19 10
20 10
0 3 4
1 8 4
2 13 4
3 4 6
4 5 6
5 6 6
6 7 4
7 8 12
8 9 6
9 10 6
10 11 6
11 12 4
12 13 12
13 14 6
14 15 6
15 16 6
16 17 4
17 3 12
18 4 4
19 9 4
20 14 4
O45 rel
15 15
0 19
1 44
2 2
3 19
4 44
5 2
6 19
7 44
8 2
9 19
10 44
11 2
12 19
13 44
14 2
0 1 4
1 2 4
2 3 6
3 4 4
4 5 4
5 6 6
6 7 4
7 8 4
8 9 6
9 10 4
10 11 4
11 12 6
12 13 4
13 14 4
14 0 6
O69
15 15
0 62
1 0
2 0
3 7
4 18
5 62
6 0
7 0
8 7
9 18
10 62
11 0
12 0
13 7
14 18
0 1 6
1 2 6
2 3 6
3 4 4
4 5 4
5 6 6
6 7 6
7 8 6
8 9 4
9 10 4
10 11 6
11 12 6
12 13 6
13 14 4
14 0 4
O45 rel
12 12
0 19
1 44
2 2
3 19
4 44
5 2
6 19
7 44
8 2
9 19
10 44
11 2
0 1 4
1 2 4
2 3 6
3 4 4
4 5 4
5 6 6
6 7 4
7 8 4
8 9 6
9 10 4
10 11 4
11 0 6
O70
15 15
0 13
1 63
2 15
3 16
4 13
5 63
6 15
7 16
8 13
9 63
10 15
11 16
12 10
13 10
14 10
0 1 4
1 2 4
2 3 4
3 4 5
4 5 4
5 6 4
6 7 4
7 8 5
8 9 4
9 10 4
10 11 4
11 0 5
12 3 5
13 7 5
14 11 5
O45 rel
12 12
0 19
1 44
2 2
3 19
4 44
5 2
6 19
7 44
8 2
9 19
10 44
11 2
0 1 4
1 2 4
2 3 6
3 4 4
4 5 4
5 6 6
6 7 4
7 8 4
8 9 6
9 10 4
10 11 4
11 0 6
O71
12 12
0 64
1 0
2 15
3 16
4 64
5 0
6 15
7 16
8 64
9 0
10 15
11 16
0 1 4
1 2 5
2 3 4
3 4 5
4 5 4
5 6 5
6 7 4
7 8 5
8 9 4
9 10 5
10 11 4
11 0 5
O45 rel
12 12
0 19
1 44
2 2
3 19
4 44
5 2
6 19
7 44
8 2
9 19
10 44
11 2
0 1 4
1 2 4
2 3 6
3 4 4
4 5 4
5 6 6
6 7 4
7 8 4
8 9 6
9 10 4
10 11 4
11 0 6
O73
18 18
0 10
1 10
2 10
3 21
4 21
5 17
6 18
7 21
8 21
9 17
10 18
11 21
12 21
13 17
14 18
15 10
16 10
17 10
0 4 5
1 8 5
2 12 5
3 4 6
4 5 6
5 6 4
6 7 12
7 8 6
8 9 6
9 10 4
10 11 12
11 12 6
12 13 6
13 14 4
14 3 12
15 5 4
16 9 4
17 13 4
O45 rel
12 12
0 19
1 44
2 2
3 19
4 44
5 2
6 19
7 44
8 2
9 19
10 44
11 2
0 1 4
1 2 4
2 3 6
3 4 4
4 5 4
5 6 6
6 7 4
7 8 4
8 9 6
9 10 4
10 11 4
11 0 6
O73 ab
15 15
0 10
1 10
2 10
3 21
4 21
5 17
6 16
7 21
8 21
9 17
10 16
11 21
12 21
13 17
14 16
0 5 4
1 9 4
2 13 4
3 4 6
4 5 6
5 6 4
6 7 5
7 8 6
8 9 6
9 10 4
10 11 5
11 12 6
12 13 6
13 14 4
14 3 5
O45 rel
3 3
0 19
1 44
2 2
0 1 4
1 2 4
2 0 6
O74
4 4
0 18
1 59
2 2
3 65
0 1 5
1 2 4
2 0 12
3 0 4
O45 rel
3 3
0 19
1 44
2 2
0 1 4
1 2 4
2 0 6
O75
4 4
0 17
1 7
2 0
3 2
0 1 5
1 2 5
2 3 4
3 1 4
O45 rel
12 12
0 19
1 44
2 2
3 19
4 44
5 2
6 19
7 44
8 2
9 19
10 44
11 2
0 1 4
1 2 4
2 3 6
3 4 4
4 5 4
5 6 6
6 7 4
7 8 4
8 9 6
9 10 4
10 11 4
11 0 6
O76
12 12
0 29
1 30
2 16
3 24
4 29
5 30
6 16
7 24
8 29
9 30
10 16
11 24
0 1 5
1 2 5
2 3 4
3 4 5
4 5 5
5 6 5
6 7 4
7 8 5
8 9 5
9 10 5
10 11 4
11 0 5
O45 rel
12 12
0 19
1 44
2 2
3 19
4 44
5 2
6 19
7 44
8 2
9 19
10 44
11 2
0 1 4
1 2 4
2 3 6
3 4 4
4 5 4
5 6 6
6 7 4
7 8 4
8 9 6
9 10 4
10 11 4
11 0 6
O77
12 12
0 21
1 21
2 17
3 18
4 21
5 21
6 17
7 18
8 21
9 21
10 17
11 18
0 1 6
1 2 6
2 3 4
3 4 12
4 5 6
5 6 6
6 7 4
7 8 12
8 9 6
9 10 6
10 11 4
11 0 12
O45 rel
12 12
0 19
1 44
2 2
3 19
4 44
5 2
6 19
7 44
8 2
9 19
10 44
11 2
0 1 4
1 2 4
2 3 6
3 4 4
4 5 4
5 6 6
6 7 4
7 8 4
8 9 6
9 10 4
10 11 4
11 0 6
O78
12 12
0 2
1 17
2 21
3 2
4 2
5 17
6 21
7 2
8 2
9 17
10 21
11 2
0 1 5
1 2 5
2 3 4
3 4 5
4 5 5
5 6 5
6 7 4
7 8 5
8 9 5
9 10 5
10 11 4
11 0 5
O45 rel
15 15
0 19
1 44
2 2
3 19
4 44
5 2
6 19
7 44
8 2
9 19
10 44
11 2
12 19
13 44
14 2
0 1 4
1 2 4
2 3 6
3 4 4
4 5 4
5 6 6
6 7 4
7 8 4
8 9 6
9 10 4
10 11 4
11 12 6
12 13 4
13 14 4
14 0 6
O79
18 18
0 0
1 0
2 0
3 15
4 66
5 17
6 29
7 18
8 15
9 66
10 17
11 29
12 18
13 15
14 66
15 17
16 29
17 18
0 4 4
1 9 4
2 14 4
3 4 5
4 5 4
5 6 5
6 7 4
7 8 6
8 9 5
9 10 4
10 11 5
11 12 4
12 13 6
13 14 5
14 15 4
15 16 5
16 17 4
17 3 6
O45 rel
12 12
0 19
1 44
2 2
3 19
4 44
5 2
6 19
7 44
8 2
9 19
10 44
11 2
0 1 4
1 2 4
2 3 6
3 4 4
4 5 4
5 6 6
6 7 4
7 8 4
8 9 6
9 10 4
10 11 4
11 0 6
O82
15 15
0 67
1 67
2 67
3 10
4 15
5 19
6 2
7 10
8 15
9 19
10 2
11 10
12 15
13 19
14 2
0 3 68
1 7 68
2 11 68
3 4 5
4 5 5
5 6 4
6 7 5
7 8 5
8 9 5
9 10 4
10 11 5
11 12 5
12 13 5
13 14 4
14 3 5
O45 rel
15 15
0 19
1 44
2 2
3 19
4 44
5 2
6 19
7 44
8 2
9 19
10 44
11 2
12 19
13 44
14 2
0 1 4
1 2 4
2 3 6
3 4 4
4 5 4
5 6 6
6 7 4
7 8 4
8 9 6
9 10 4
10 11 4
11 12 6
12 13 4
13 14 4
14 0 6
O83
15 15
0 10
1 29
2 15
3 15
4 2
5 10
6 29
7 15
8 15
9 2
10 10
11 29
12 15
13 15
14 2
0 1 5
1 2 12
2 3 5
3 4 5
4 5 12
5 6 5
6 7 12
7 8 5
8 9 5
9 10 12
10 11 5
11 12 12
12 13 5
13 14 5
14 0 12
O45 rel
12 12
0 19
1 44
2 2
3 19
4 44
5 2
6 19
7 44
8 2
9 19
10 44
11 2
0 1 4
1 2 4
2 3 6
3 4 4
4 5 4
5 6 6
6 7 4
7 8 4
8 9 6
9 10 4
10 11 4
11 0 6
O85
15 15
0 69
1 69
2 69
3 7
4 3
5 25
6 2
7 7
8 3
9 25
10 2
11 7
12 3
13 25
14 2
0 3 5
1 7 5
2 11 5
3 4 4
4 5 12
5 6 4
6 7 6
7 8 4
8 9 12
9 10 4
10 11 6
11 12 4
12 13 12
13 14 4
14 3 6
O45 rel
12 12
0 19
1 44
2 2
3 19
4 44
5 2
6 19
7 44
8 2
9 19
10 44
11 2
0 1 4
1 2 4
2 3 6
3 4 4
4 5 4
5 6 6
6 7 4
7 8 4
8 9 6
9 10 4
10 11 4
11 0 6
O86
15 15
0 7
1 7
2 7
3 23
4 15
5 16
6 24
7 23
8 15
9 16
10 24
11 23
12 15
13 16
14 24
0 4 4
1 8 4
2 12 4
3 4 6
4 5 4
5 6 4
6 7 5
7 8 6
8 9 4
9 10 4
10 11 5
11 12 6
12 13 4
13 14 4
14 3 5
O45 rel
12 12
0 19
1 44
2 2
3 19
4 44
5 2
6 19
7 44
8 2
9 19
10 44
11 2
0 1 4
1 2 4
2 3 6
3 4 4
4 5 4
5 6 6
6 7 4
7 8 4
8 9 6
9 10 4
10 11 4
11 0 6
O86.2
15 15
0 7
1 15
2 16
3 16
4 7
5 15
6 16
7 16
8 7
9 15
10 16
11 16
12 23
13 23
14 23
0 1 4
1 2 4
2 3 4
3 4 6
4 5 4
5 6 4
6 7 4
7 8 6
8 9 4
9 10 4
10 11 4
11 0 6
12 1 6
13 5 6
14 9 6
O45 rel
12 12
0 19
1 44
2 2
3 19
4 44
5 2
6 19
7 44
8 2
9 19
10 44
11 2
0 1 4
1 2 4
2 3 6
3 4 4
4 5 4
5 6 6
6 7 4
7 8 4
8 9 6
9 10 4
10 11 4
11 0 6
O86.3
15 15
0 7
1 7
2 7
3 23
4 15
5 16
6 24
7 23
8 15
9 16
10 24
11 23
12 15
13 16
14 24
0 4 4
1 8 4
2 12 4
3 4 6
4 5 4
5 6 4
6 7 5
7 8 6
8 9 4
9 10 4
10 11 5
11 12 6
12 13 4
13 14 4
14 3 5
O45 rel
12 12
0 19
1 44
2 2
3 19
4 44
5 2
6 19
7 44
8 2
9 19
10 44
11 2
0 1 4
1 2 4
2 3 6
3 4 4
4 5 4
5 6 6
6 7 4
7 8 4
8 9 6
9 10 4
10 11 4
11 0 6
O87
12 12
0 25
1 7
2 70
3 24
4 25
5 7
6 70
7 24
8 25
9 7
10 70
11 24
0 1 5
1 2 4
2 3 4
3 4 4
4 5 5
5 6 4
6 7 4
7 8 4
8 9 5
9 10 4
10 11 4
11 0 4
O45 rel
3 3
0 19
1 44
2 2
0 1 4
1 2 4
2 0 6
O88
4 4
0 21
1 21
2 2
3 61
0 1 4
1 2 4
2 0 5
3 0 4
O45 rel
12 12
0 19
1 44
2 2
3 19
4 44
5 2
6 19
7 44
8 2
9 19
10 44
11 2
0 1 4
1 2 4
2 3 6
3 4 4
4 5 4
5 6 6
6 7 4
7 8 4
8 9 6
9 10 4
10 11 4
11 0 6
O90
12 12
0 71
1 15
2 16
3 24
4 71
5 15
6 16
7 24
8 71
9 15
10 16
11 24
0 1 6
1 2 4
2 3 4
3 4 5
4 5 6
5 6 4
6 7 4
7 8 5
8 9 6
9 10 4
10 11 4
11 0 5
O45 rel
15 15
0 19
1 44
2 2
3 19
4 44
5 2
6 19
7 44
8 2
9 19
10 44
11 2
12 19
13 44
14 2
0 1 4
1 2 4
2 3 6
3 4 4
4 5 4
5 6 6
6 7 4
7 8 4
8 9 6
9 10 4
10 11 4
11 12 6
12 13 4
13 14 4
14 0 6
O91
15 15
0 72
1 15
2 2
3 73
4 2
5 72
6 15
7 2
8 73
9 2
10 72
11 15
12 2
13 73
14 2
0 1 5
1 2 5
2 3 5
3 4 4
4 5 5
5 6 5
6 7 5
7 8 5
8 9 4
9 10 5
10 11 5
11 12 5
12 13 5
13 14 4
14 0 5
O45 rel
12 12
0 19
1 44
2 2
3 19
4 44
5 2
6 19
7 44
8 2
9 19
10 44
11 2
0 1 4
1 2 4
2 3 6
3 4 4
4 5 4
5 6 6
6 7 4
7 8 4
8 9 6
9 10 4
10 11 4
11 0 6
O96
15 15
0 74
1 2
2 25
3 2
4 74
5 2
6 25
7 2
8 74
9 2
10 25
11 2
12 25
13 25
14 25
0 1 5
1 2 56
2 3 4
3 4 6
4 5 5
5 6 56
6 7 4
7 8 6
8 9 5
9 10 56
10 11 4
11 0 6
12 0 5
13 4 5
14 8 5
O45 rel
6 6
0 19
1 44
2 2
3 19
4 44
5 2
0 1 4
1 2 4
2 3 6
3 4 4
4 5 4
5 0 6
O97
12 12
0 75
1 75
2 75
3 0
4 1
5 0
6 1
7 0
8 1
9 75
10 75
11 75
0 3 76
1 5 76
2 7 76
3 4 4
4 5 4
5 6 4
6 7 4
7 8 4
8 3 4
9 4 76
10 6 76
11 8 76
O45 rel
12 12
0 19
1 44
2 2
3 19
4 44
5 2
6 19
7 44
8 2
9 19
10 44
11 2
0 1 4
1 2 4
2 3 6
3 4 4
4 5 4
5 6 6
6 7 4
7 8 4
8 9 6
9 10 4
10 11 4
11 0 6
O98
12 12
0 77
1 78
2 77
3 2
4 77
5 78
6 77
7 2
8 77
9 78
10 77
11 2
0 1 5
1 2 4
2 3 4
3 4 4
4 5 5
5 6 4
6 7 4
7 8 4
8 9 5
9 10 4
10 11 4
11 0 4
O45 rel
12 12
0 19
1 44
2 2
3 19
4 44
5 2
6 19
7 44
8 2
9 19
10 44
11 2
0 1 4
1 2 4
2 3 6
3 4 4
4 5 4
5 6 6
6 7 4
7 8 4
8 9 6
9 10 4
10 11 4
11 0 6
O99
18 18
0 10
1 10
2 10
3 10
4 10
5 10
6 79
7 79
8 79
9 79
10 79
11 79
12 79
13 79
14 79
15 79
16 79
17 79
0 6 6
1 9 6
2 10 6
3 13 6
4 14 6
5 17 6
6 7 6
7 8 6
8 9 4
9 10 4
10 11 6
11 12 6
12 13 4
13 14 4
14 15 6
15 16 6
16 17 4
17 6 4
O45 rel
12 12
0 19
1 44
2 2
3 19
4 44
5 2
6 19
7 44
8 2
9 19
10 44
11 2
0 1 4
1 2 4
2 3 6
3 4 4
4 5 4
5 6 6
6 7 4
7 8 4
8 9 6
9 10 4
10 11 4
11 0 6
O100
15 15
0 0
1 0
2 7
3 2
4 0
5 0
6 7
7 2
8 0
9 0
10 7
11 2
12 35
13 35
14 35
0 1 4
1 2 4
2 3 4
3 4 6
4 5 4
5 6 4
6 7 4
7 8 6
8 9 4
9 10 4
10 11 4
11 0 6
12 0 38
13 4 38
14 8 38
O45 rel
6 6
0 19
1 44
2 2
3 19
4 44
5 2
0 1 4
1 2 4
2 3 6
3 4 4
4 5 4
5 0 6
O101
6 6
0 18
1 16
2 18
3 16
4 18
5 16
0 1 5
1 2 12
2 3 5
3 4 12
4 5 5
5 0 12
O45 rel
3 3
0 19
1 44
2 2
0 1 4
1 2 4
2 0 6
O102
5 5
0 0
1 24
2 7
3 19
4 24
0 1 5
1 2 4
2 3 12
3 4 4
4 2 5
O45 rel
15 15
0 19
1 44
2 2
3 19
4 44
5 2
6 19
7 44
8 2
9 19
10 44
11 2
12 19
13 44
14 2
0 1 4
1 2 4
2 3 6
3 4 4
4 5 4
5 6 6
6 7 4
7 8 4
8 9 6
9 10 4
10 11 4
11 12 6
12 13 4
13 14 4
14 0 6
O103
15 15
0 19
1 80
2 18
3 16
4 2
5 19
6 80
7 18
8 16
9 2
10 19
11 80
12 18
13 16
14 2
0 1 6
1 2 12
2 3 5
3 4 4
4 5 6
5 6 6
6 7 12
7 8 5
8 9 4
9 10 6
10 11 6
11 12 12
12 13 5
13 14 4
14 0 6
O45 rel
12 12
0 19
1 44
2 2
3 19
4 44
5 2
6 19
7 44
8 2
9 19
10 44
11 2
0 1 4
1 2 4
2 3 6
3 4 4
4 5 4
5 6 6
6 7 4
7 8 4
8 9 6
9 10 4
10 11 4
11 0 6
O104
12 12
0 7
1 81
2 15
3 24
4 7
5 81
6 15
7 24
8 7
9 81
10 15
11 24
0 1 5
1 2 33
2 3 4
3 4 5
4 5 5
5 6 33
6 7 4
7 8 5
8 9 5
9 10 33
10 11 4
11 0 5
O45 rel
12 12
0 19
1 44
2 2
3 19
4 44
5 2
6 19
7 44
8 2
9 19
10 44
11 2
0 1 4
1 2 4
2 3 6
3 4 4
4 5 4
5 6 6
6 7 4
7 8 4
8 9 6
9 10 4
10 11 4
11 0 6
O105
18 18
0 14
1 74
2 14
3 74
4 14
5 74
6 0
7 1
8 0
9 2
10 0
11 1
12 0
13 2
14 0
15 1
16 0
17 2
0 1 5
1 6 6
2 3 5
3 10 6
4 5 5
5 14 6
6 7 4
7 8 5
8 9 4
9 10 4
10 11 4
11 12 5
12 13 4
13 14 4
14 15 4
15 16 5
16 17 4
17 6 4
O45 rel
15 15
0 19
1 44
2 2
3 19
4 44
5 2
6 19
7 44
8 2
9 19
10 44
11 2
12 19
13 44
14 2
0 1 4
1 2 4
2 3 6
3 4 4
4 5 4
5 6 6
6 7 4
7 8 4
8 9 6
9 10 4
10 11 4
11 12 6
12 13 4
13 14 4
14 0 6
O107
15 15
0 24
1 0
2 18
3 15
4 16
5 24
6 0
7 18
8 15
9 16
10 24
11 0
12 18
13 15
14 16
0 1 4
1 2 5
2 3 5
3 4 4
4 5 5
5 6 4
6 7 5
7 8 5
8 9 4
9 10 5
10 11 4
11 12 5
12 13 5
13 14 4
14 0 5
O45 rel
12 12
0 19
1 44
2 2
3 19
4 44
5 2
6 19
7 44
8 2
9 19
10 44
11 2
0 1 4
1 2 4
2 3 6
3 4 4
4 5 4
5 6 6
6 7 4
7 8 4
8 9 6
9 10 4
10 11 4
11 0 6
O108
12 12
0 82
1 7
2 11
3 18
4 82
5 7
6 11
7 18
8 82
9 7
10 11
11 18
0 1 83
1 2 4
2 3 4
3 4 5
4 5 83
5 6 4
6 7 4
7 8 5
8 9 83
9 10 4
10 11 4
11 0 5
O45 rel
3 3
0 19
1 44
2 2
0 1 4
1 2 4
2 0 6
O109
4 4
0 84
1 10
2 44
3 2
0 1 4
1 2 4
2 3 4
3 1 5
O45 rel
12 12
0 19
1 44
2 2
3 19
4 44
5 2
6 19
7 44
8 2
9 19
10 44
11 2
0 1 4
1 2 4
2 3 6
3 4 4
4 5 4
5 6 6
6 7 4
7 8 4
8 9 6
9 10 4
10 11 4
11 0 6
O110
12 12
0 85
1 7
2 7
3 2
4 85
5 7
6 7
7 2
8 85
9 7
10 7
11 2
0 1 5
1 2 4
2 3 4
3 4 5
4 5 5
5 6 4
6 7 4
7 8 5
8 9 5
9 10 4
10 11 4
11 0 5
O45 rel
3 3
0 19
1 44
2 2
0 1 4
1 2 4
2 0 6
O111
5 5
0 52
1 10
2 7
3 2
4 52
0 1 12
1 2 5
2 3 4
3 1 5
4 1 4
O45 rel
12 12
0 19
1 44
2 2
3 19
4 44
5 2
6 19
7 44
8 2
9 19
10 44
11 2
0 1 4
1 2 4
2 3 6
3 4 4
4 5 4
5 6 6
6 7 4
7 8 4
8 9 6
9 10 4
10 11 4
11 0 6
O112 ab
15 15
0 2
1 2
2 2
3 16
4 10
5 86
6 24
7 16
8 10
9 86
10 24
11 16
12 10
13 86
14 24
0 3 4
1 7 4
2 11 4
3 4 5
4 5 5
5 6 4
6 7 5
7 8 5
8 9 5
9 10 4
10 11 5
11 12 5
12 13 5
13 14 4
14 3 5
O45 rel
12 12
0 19
1 44
2 2
3 19
4 44
5 2
6 19
7 44
8 2
9 19
10 44
11 2
0 1 4
1 2 4
2 3 6
3 4 4
4 5 4
5 6 6
6 7 4
7 8 4
8 9 6
9 10 4
10 11 4
11 0 6
O112 ac
15 15
0 87
1 87
2 87
3 16
4 10
5 15
6 24
7 16
8 10
9 15
10 24
11 16
12 10
13 15
14 24
0 3 4
1 7 4
2 11 4
3 4 5
4 5 5
5 6 4
6 7 5
7 8 5
8 9 5
9 10 4
10 11 5
11 12 5
12 13 5
13 14 4
14 3 5
O45 rel
12 12
0 19
1 44
2 2
3 19
4 44
5 2
6 19
7 44
8 2
9 19
10 44
11 2
0 1 4
1 2 4
2 3 6
3 4 4
4 5 4
5 6 6
6 7 4
7 8 4
8 9 6
9 10 4
10 11 4
11 0 6
O113
15 15
0 16
1 47
2 7
3 2
4 16
5 47
6 7
7 2
8 16
9 47
10 7
11 2
12 15
13 15
14 15
0 1 5
1 2 4
2 3 4
3 4 5
4 5 5
5 6 4
6 7 4
7 8 5
8 9 5
9 10 4
10 11 4
11 0 5
12 0 4
13 4 4
14 8 4
O45 rel
12 12
0 19
1 44
2 2
3 19
4 44
5 2
6 19
7 44
8 2
9 19
10 44
11 2
0 1 4
1 2 4
2 3 6
3 4 4
4 5 4
5 6 6
6 7 4
7 8 4
8 9 6
9 10 4
10 11 4
11 0 6
O114
12 12
0 88
1 14
2 15
3 18
4 88
5 14
6 15
7 18
8 88
9 14
10 15
11 18
0 1 4
1 2 5
2 3 4
3 4 5
4 5 4
5 6 5
6 7 4
7 8 5
8 9 4
9 10 5
10 11 4
11 0 5
O45 rel
12 12
0 19
1 44
2 2
3 19
4 44
5 2
6 19
7 44
8 2
9 19
10 44
11 2
0 1 4
1 2 4
2 3 6
3 4 4
4 5 4
5 6 6
6 7 4
7 8 4
8 9 6
9 10 4
10 11 4
11 0 6
O115
15 15
0 1
1 1
2 1
3 2
4 47
5 21
6 2
7 2
8 47
9 21
10 2
11 2
12 47
13 21
14 2
0 3 5
1 7 5
2 11 5
3 4 5
4 5 4
5 6 4
6 7 4
7 8 5
8 9 4
9 10 4
10 11 4
11 12 5
12 13 4
13 14 4
14 3 4
O45 rel
15 15
0 19
1 44
2 2
3 19
4 44
5 2
6 19
7 44
8 2
9 19
10 44
11 2
12 19
13 44
14 2
0 1 4
1 2 4
2 3 6
3 4 4
4 5 4
5 6 6
6 7 4
7 8 4
8 9 6
9 10 4
10 11 4
11 12 6
12 13 4
13 14 4
14 0 6
O116
15 15
0 20
1 18
2 16
3 47
4 2
5 20
6 18
7 16
8 47
9 2
10 20
11 18
12 16
13 47
14 2
0 1 12
1 2 5
2 3 5
3 4 4
4 5 6
5 6 12
6 7 5
7 8 5
8 9 4
9 10 6
10 11 12
11 12 5
12 13 5
13 14 4
14 0 6
O45 rel
15 15
0 19
1 44
2 2
3 19
4 44
5 2
6 19
7 44
8 2
9 19
10 44
11 2
12 19
13 44
14 2
0 1 4
1 2 4
2 3 6
3 4 4
4 5 4
5 6 6
6 7 4
7 8 4
8 9 6
9 10 4
10 11 4
11 12 6
12 13 4
13 14 4
14 0 6
O117
15 15
0 24
1 0
2 10
3 15
4 16
5 24
6 0
7 10
8 15
9 16
10 24
11 0
12 10
13 15
14 16
0 1 4
1 2 5
2 3 5
3 4 4
4 5 5
5 6 4
6 7 5
7 8 5
8 9 4
9 10 5
10 11 4
11 12 5
12 13 5
13 14 4
14 0 5
O45 rel
12 12
0 19
1 44
2 2
3 19
4 44
5 2
6 19
7 44
8 2
9 19
10 44
11 2
0 1 4
1 2 4
2 3 6
3 4 4
4 5 4
5 6 6
6 7 4
7 8 4
8 9 6
9 10 4
10 11 4
11 0 6
O118
12 12
0 89
1 7
2 90
3 2
4 89
5 7
6 90
7 2
8 89
9 7
10 90
11 2
0 1 91
1 2 4
2 3 4
3 4 4
4 5 91
5 6 4
6 7 4
7 8 4
8 9 91
9 10 4
10 11 4
11 0 4
O45 rel
12 12
0 19
1 44
2 2
3 19
4 44
5 2
6 19
7 44
8 2
9 19
10 44
11 2
0 1 4
1 2 4
2 3 6
3 4 4
4 5 4
5 6 6
6 7 4
7 8 4
8 9 6
9 10 4
10 11 4
11 0 6
O119
15 15
0 92
1 92
2 92
3 17
4 7
5 0
6 18
7 17
8 7
9 0
10 18
11 17
12 7
13 0
14 18
0 3 4
1 7 4
2 11 4
3 4 4
4 5 5
5 6 4
6 7 6
7 8 4
8 9 5
9 10 4
10 11 6
11 12 4
12 13 5
13 14 4
14 3 6
O45 rel
15 15
0 19
1 44
2 2
3 19
4 44
5 2
6 19
7 44
8 2
9 19
10 44
11 2
12 19
13 44
14 2
0 1 4
1 2 4
2 3 6
3 4 4
4 5 4
5 6 6
6 7 4
7 8 4
8 9 6
9 10 4
10 11 4
11 12 6
12 13 4
13 14 4
14 0 6
O120
18 18
0 0
1 0
2 0
3 10
4 0
5 0
6 7
7 24
8 10
9 0
10 0
11 7
12 24
13 10
14 0
15 0
16 7
17 24
0 3 5
1 8 5
2 13 5
3 4 6
4 5 6
5 6 6
6 7 4
7 8 4
8 9 6
9 10 6
10 11 6
11 12 4
12 13 4
13 14 6
14 15 6
15 16 6
16 17 4
17 3 4
O45 rel
12 12
0 19
1 44
2 2
3 19
4 44
5 2
6 19
7 44
8 2
9 19
10 44
11 2
0 1 4
1 2 4
2 3 6
3 4 4
4 5 4
5 6 6
6 7 4
7 8 4
8 9 6
9 10 4
10 11 4
11 0 6
O121
12 12
0 93
1 94
2 78
3 18
4 93
5 94
6 78
7 18
8 93
9 94
10 78
11 18
0 1 5
1 2 5
2 3 4
3 4 4
4 5 5
5 6 5
6 7 4
7 8 4
8 9 5
9 10 5
10 11 4
11 0 4
O45 rel
12 12
0 19
1 44
2 2
3 19
4 44
5 2
6 19
7 44
8 2
9 19
10 44
11 2
0 1 4
1 2 4
2 3 6
3 4 4
4 5 4
5 6 6
6 7 4
7 8 4
8 9 6
9 10 4
10 11 4
11 0 6
O123
12 12
0 95
1 18
2 77
3 18
4 95
5 18
6 77
7 18
8 95
9 18
10 77
11 18
0 1 12
1 2 4
2 3 4
3 4 4
4 5 12
5 6 4
6 7 4
7 8 4
8 9 12
9 10 4
10 11 4
11 0 4
O45 rel
3 3
0 19
1 44
2 2
0 1 4
1 2 4
2 0 6
O124
5 5
0 96
1 10
2 15
3 25
4 24
0 1 12
1 2 5
2 3 12
3 4 4
4 2 4
O45 rel
12 12
0 19
1 44
2 2
3 19
4 44
5 2
6 19
7 44
8 2
9 19
10 44
11 2
0 1 4
1 2 4
2 3 6
3 4 4
4 5 4
5 6 6
6 7 4
7 8 4
8 9 6
9 10 4
10 11 4
11 0 6
O125 ab
18 18
0 10
1 10
2 10
3 24
4 21
5 23
6 16
7 24
8 21
9 23
10 16
11 24
12 21
13 23
14 16
15 15
16 15
17 15
0 4 4
1 8 4
2 12 4
3 4 6
4 5 4
5 6 4
6 7 5
7 8 6
8 9 4
9 10 4
10 11 5
11 12 6
12 13 4
13 14 4
14 3 5
15 3 4
16 7 4
17 11 4
O45 rel
12 12
0 19
1 44
2 2
3 19
4 44
5 2
6 19
7 44
8 2
9 19
10 44
11 2
0 1 4
1 2 4
2 3 6
3 4 4
4 5 4
5 6 6
6 7 4
7 8 4
8 9 6
9 10 4
10 11 4
11 0 6
O126
15 15
0 17
1 15
2 18
3 2
4 17
5 15
6 18
7 2
8 17
9 15
10 18
11 2
12 23
13 23
14 23
0 1 4
1 2 4
2 3 4
3 4 6
4 5 4
5 6 4
6 7 4
7 8 6
8 9 4
9 10 4
10 11 4
11 0 6
12 1 6
13 5 6
14 9 6
O45 rel
3 3
0 19
1 44
2 2
0 1 4
1 2 4
2 0 6
O126.2
4 4
0 17
1 7
2 2
3 97
0 1 4
1 2 4
2 0 6
3 1 6
O45 rel
12 12
0 19
1 44
2 2
3 19
4 44
5 2
6 19
7 44
8 2
9 19
10 44
11 2
0 1 4
1 2 4
2 3 6
3 4 4
4 5 4
5 6 6
6 7 4
7 8 4
8 9 6
9 10 4
10 11 4
11 0 6
O127
12 12
0 23
1 15
2 16
3 16
4 23
5 15
6 16
7 16
8 23
9 15
10 16
11 16
0 1 6
1 2 4
2 3 4
3 4 6
4 5 6
5 6 4
6 7 4
7 8 6
8 9 6
9 10 4
10 11 4
11 0 6
O45 rel
12 12
0 19
1 44
2 2
3 19
4 44
5 2
6 19
7 44
8 2
9 19
10 44
11 2
0 1 4
1 2 4
2 3 6
3 4 4
4 5 4
5 6 6
6 7 4
7 8 4
8 9 6
9 10 4
10 11 4
11 0 6
O128 ab
15 15
0 15
1 24
2 7
3 24
4 15
5 24
6 7
7 24
8 15
9 24
10 7
11 24
12 23
13 23
14 23
0 1 4
1 2 5
2 3 4
3 4 12
4 5 4
5 6 5
6 7 4
7 8 12
8 9 4
9 10 5
10 11 4
11 0 12
12 0 6
13 4 6
14 8 6
O45 rel
12 12
0 19
1 44
2 2
3 19
4 44
5 2
6 19
7 44
8 2
9 19
10 44
11 2
0 1 4
1 2 4
2 3 6
3 4 4
4 5 4
5 6 6
6 7 4
7 8 4
8 9 6
9 10 4
10 11 4
11 0 6
O128 ab.2
15 15
0 15
1 24
2 16
3 24
4 15
5 24
6 16
7 24
8 15
9 24
10 16
11 24
12 23
13 23
14 23
0 1 4
1 2 5
2 3 4
3 4 12
4 5 4
5 6 5
6 7 4
7 8 12
8 9 4
9 10 5
10 11 4
11 0 12
12 0 6
13 4 6
14 8 6
O45 rel
12 12
0 19
1 44
2 2
3 19
4 44
5 2
6 19
7 44
8 2
9 19
10 44
11 2
0 1 4
1 2 4
2 3 6
3 4 4
4 5 4
5 6 6
6 7 4
7 8 4
8 9 6
9 10 4
10 11 4
11 0 6
O128 ac
15 15
0 15
1 24
2 7
3 24
4 15
5 24
6 7
7 24
8 15
9 24
10 7
11 24
12 23
13 23
14 23
0 1 4
1 2 5
2 3 4
3 4 12
4 5 4
5 6 5
6 7 4
7 8 12
8 9 4
9 10 5
10 11 4
11 0 12
12 0 6
13 4 6
14 8 6
O45 rel
12 12
0 19
1 44
2 2
3 19
4 44
5 2
6 19
7 44
8 2
9 19
10 44
11 2
0 1 4
1 2 4
2 3 6
3 4 4
4 5 4
5 6 6
6 7 4
7 8 4
8 9 6
9 10 4
10 11 4
11 0 6
O129
15 15
0 10
1 10
2 10
3 98
4 0
5 0
6 2
7 98
8 0
9 0
10 2
11 98
12 0
13 0
14 2
0 4 4
1 8 4
2 12 4
3 4 6
4 5 4
5 6 4
6 7 6
7 8 6
8 9 4
9 10 4
10 11 6
11 12 6
12 13 4
13 14 4
14 3 6
O45 rel
3 3
0 19
1 44
2 2
0 1 4
1 2 4
2 0 6
O130
5 5
0 99
1 24
2 7
3 19
4 24
0 1 100
1 2 4
2 3 12
3 4 4
4 2 5
O45 rel
12 12
0 19
1 44
2 2
3 19
4 44
5 2
6 19
7 44
8 2
9 19
10 44
11 2
0 1 4
1 2 4
2 3 6
3 4 4
4 5 4
5 6 6
6 7 4
7 8 4
8 9 6
9 10 4
10 11 4
11 0 6
O131
12 12
0 31
1 15
2 15
3 24
4 31
5 15
6 15
7 24
8 31
9 15
10 15
11 24
0 1 83
1 2 12
2 3 4
3 4 101
4 5 83
5 6 12
6 7 4
7 8 101
8 9 83
9 10 12
10 11 4
11 0 101
O45 rel
15 15
0 19
1 44
2 2
3 19
4 44
5 2
6 19
7 44
8 2
9 19
10 44
11 2
12 19
13 44
14 2
0 1 4
1 2 4
2 3 6
3 4 4
4 5 4
5 6 6
6 7 4
7 8 4
8 9 6
9 10 4
10 11 4
11 12 6
12 13 4
13 14 4
14 0 6
O132
15 15
0 69
1 26
2 10
3 0
4 2
5 69
6 26
7 10
8 0
9 2
10 69
11 26
12 10
13 0
14 2
0 1 4
1 2 5
2 3 6
3 4 4
4 5 6
5 6 4
6 7 5
7 8 6
8 9 4
9 10 6
10 11 4
11 12 5
12 13 6
13 14 4
14 0 6
O45 rel
15 15
0 19
1 44
2 2
3 19
4 44
5 2
6 19
7 44
8 2
9 19
10 44
11 2
12 19
13 44
14 2
0 1 4
1 2 4
2 3 6
3 4 4
4 5 4
5 6 6
6 7 4
7 8 4
8 9 6
9 10 4
10 11 4
11 12 6
12 13 4
13 14 4
14 0 6
O133
18 18
0 0
1 0
2 0
3 47
4 18
5 0
6 0
7 0
8 47
9 18
10 0
11 0
12 0
13 47
14 18
15 10
16 10
17 10
0 1 6
1 2 6
2 3 5
3 4 4
4 5 4
5 6 6
6 7 6
7 8 5
8 9 4
9 10 4
10 11 6
11 12 6
12 13 5
13 14 4
14 0 4
15 3 4
16 8 4
17 13 4
O45 rel
12 12
0 19
1 44
2 2
3 19
4 44
5 2
6 19
7 44
8 2
9 19
10 44
11 2
0 1 4
1 2 4
2 3 6
3 4 4
4 5 4
5 6 6
6 7 4
7 8 4
8 9 6
9 10 4
10 11 4
11 0 6
O134
12 12
0 46
1 15
2 19
3 24
4 46
5 15
6 19
7 24
8 46
9 15
10 19
11 24
0 1 12
1 2 12
2 3 4
3 4 5
4 5 12
5 6 12
6 7 4
7 8 5
8 9 12
9 10 12
10 11 4
11 0 5
O45 rel
12 12
0 19
1 44
2 2
3 19
4 44
5 2
6 19
7 44
8 2
9 19
10 44
11 2
0 1 4
1 2 4
2 3 6
3 4 4
4 5 4
5 6 6
6 7 4
7 8 4
8 9 6
9 10 4
10 11 4
11 0 6
O135
15 15
0 10
1 10
2 10
3 0
4 0
5 26
6 2
7 0
8 0
9 26
10 2
11 0
12 0
13 26
14 2
0 6 12
1 10 12
2 14 12
3 4 6
4 5 4
5 6 4
6 7 6
7 8 6
8 9 4
9 10 4
10 11 6
11 12 6
12 13 4
13 14 4
14 3 6
