200
O97
8 8
0 75
1 75
2 0
3 1
4 0
5 1
6 75
7 75
0 2 76
1 4 76
2 3 4
3 4 4
4 5 4
5 2 4
6 3 76
7 5 76
O115
5 5
0 1
1 2
2 47
3 21
4 2
0 1 5
1 2 5
2 3 4
3 4 4
4 1 4
O97
20 20
0 75
1 75
2 75
3 75
4 75
5 0
6 1
7 0
8 1
9 0
10 1
11 0
12 1
13 0
14 1
15 75
16 75
17 75
18 75
19 75
0 5 76
1 7 76
2 9 76
3 11 76
4 13 76
5 6 4
6 7 4
7 8 4
8 9 4
9 10 4
10 11 4
11 12 4
12 13 4
13 14 4
14 5 4
15 6 76
16 8 76
17 10 76
18 12 76
19 14 76
O116
10 10
0 20
1 18
2 16
3 47
4 2
5 20
6 18
7 16
8 47
9 2
0 1 12
1 2 5
2 3 5
3 4 4
4 5 6
5 6 12
6 7 5
7 8 5
8 9 4
9 0 6
O97
20 20
0 75
1 75
2 75
3 75
4 75
5 0
6 1
7 0
8 1
9 0
10 1
11 0
12 1
13 0
14 1
15 75
16 75
17 75
18 75
19 75
0 5 76
1 7 76
2 9 76
3 11 76
4 13 76
5 6 4
6 7 4
7 8 4
8 9 4
9 10 4
10 11 4
11 12 4
12 13 4
13 14 4
14 5 4
15 6 76
16 8 76
17 10 76
18 12 76
19 14 76
O117
10 10
0 24
1 0
2 10
3 15
4 16
5 24
6 0
7 10
8 15
9 16
0 1 4
1 2 5
2 3 5
3 4 4
4 5 5
5 6 4
6 7 5
7 8 5
8 9 4
9 0 5
O97
8 8
0 75
1 75
2 0
3 1
4 0
5 1
6 75
7 75
0 2 76
1 4 76
2 3 4
3 4 4
4 5 4
5 2 4
6 3 76
7 5 76
O118
4 4
0 89
1 7
2 90
3 2
0 1 91
1 2 4
2 3 4
3 0 4
O97
8 8
0 75
1 75
2 0
3 1
4 0
5 1
6 75
7 75
0 2 76
1 4 76
2 3 4
3 4 4
4 5 4
5 2 4
6 3 76
7 5 76
O119
5 5
0 92
1 17
2 7
3 0
4 18
0 1 4
1 2 4
2 3 5
3 4 4
4 1 6
O97
20 20
0 75
1 75
2 75
3 75
4 75
5 0
6 1
7 0
8 1
9 0
10 1
11 0
12 1
13 0
14 1
15 75
16 75
17 75
18 75
19 75
0 5 76
1 7 76
2 9 76
3 11 76
4 13 76
5 6 4
6 7 4
7 8 4
8 9 4
9 10 4
10 11 4
11 12 4
12 13 4
13 14 4
14 5 4
15 6 76
16 8 76
17 10 76
18 12 76
19 14 76
O120
12 12
0 0
1 0
2 10
3 0
4 0
5 7
6 24
7 10
8 0
9 0
10 7
11 24
0 2 5
1 7 5
2 3 6
3 4 6
4 5 6
5 6 4
6 7 4
7 8 6
8 9 6
9 10 6
10 11 4
11 2 4
O97
8 8
0 75
1 75
2 0
3 1
4 0
5 1
6 75
7 75
0 2 76
1 4 76
2 3 4
3 4 4
4 5 4
5 2 4
6 3 76
7 5 76
O121
4 4
0 93
1 94
2 78
3 18
0 1 5
1 2 5
2 3 4
3 0 4
O97
8 8
0 75
1 75
2 0
3 1
4 0
5 1
6 75
7 75
0 2 76
1 4 76
2 3 4
3 4 4
4 5 4
5 2 4
6 3 76
7 5 76
O123
4 4
0 95
1 18
2 77
3 18
0 1 12
1 2 4
2 3 4
3 0 4
O97
12 12
0 75
1 75
2 75
3 0
4 1
5 0
6 1
7 0
8 1
9 75
10 75
11 75
0 3 76
1 5 76
2 7 76
3 4 4
4 5 4
5 6 4
6 7 4
7 8 4
8 3 4
9 4 76
10 6 76
11 8 76
O124
10 10
0 96
1 10
2 96
3 10
4 15
5 25
6 24
7 15
8 25
9 24
0 1 12
1 4 5
2 3 12
3 7 5
4 5 12
5 6 4
6 7 4
7 8 12
8 9 4
9 4 4
O97
8 8
0 75
1 75
2 0
3 1
4 0
5 1
6 75
7 75
0 2 76
1 4 76
2 3 4
3 4 4
4 5 4
5 2 4
6 3 76
7 5 76
O125 ab
6 6
0 10
1 24
2 21
3 23
4 16
5 15
0 2 4
1 2 6
2 3 4
3 4 4
4 1 5
5 1 4
O97
8 8
0 75
1 75
2 0
3 1
4 0
5 1
6 75
7 75
0 2 76
1 4 76
2 3 4
3 4 4
4 5 4
5 2 4
6 3 76
7 5 76
O126
5 5
0 17
1 15
2 18
3 2
4 23
0 1 4
1 2 4
2 3 4
3 0 6
4 1 6
O97
12 12
0 75
1 75
2 75
3 0
4 1
5 0
6 1
7 0
8 1
9 75
10 75
11 75
0 3 76
1 5 76
2 7 76
3 4 4
4 5 4
5 6 4
6 7 4
7 8 4
8 3 4
9 4 76
10 6 76
11 8 76
O126.2
8 8
0 17
1 7
2 2
3 17
4 7
5 2
6 97
7 97
0 1 4
1 2 4
2 3 6
3 4 4
4 5 4
5 0 6
6 1 6
7 4 6
O97
8 8
0 75
1 75
2 0
3 1
4 0
5 1
6 75
7 75
0 2 76
1 4 76
2 3 4
3 4 4
4 5 4
5 2 4
6 3 76
7 5 76
O127
4 4
0 23
1 15
2 16
3 16
0 1 6
1 2 4
2 3 4
3 0 6
O97
8 8
0 75
1 75
2 0
3 1
4 0
5 1
6 75
7 75
0 2 76
1 4 76
2 3 4
3 4 4
4 5 4
5 2 4
6 3 76
7 5 76
O128 ab
5 5
0 15
1 24
2 7
3 24
4 23
0 1 4
1 2 5
2 3 4
3 0 12
4 0 6
O97
8 8
0 75
1 75
2 0
3 1
4 0
5 1
6 75
7 75
0 2 76
1 4 76
2 3 4
3 4 4
4 5 4
5 2 4
6 3 76
7 5 76
O128 ab.2
5 5
0 15
1 24
2 16
3 24
4 23
0 1 4
1 2 5
2 3 4
3 0 12
4 0 6
O97
8 8
0 75
1 75
2 0
3 1
4 0
5 1
6 75
7 75
0 2 76
1 4 76
2 3 4
3 4 4
4 5 4
5 2 4
6 3 76
7 5 76
O128 ac
5 5
0 15
1 24
2 7
3 24
4 23
0 1 4
1 2 5
2 3 4
3 0 12
4 0 6
O97
8 8
0 75
1 75
2 0
3 1
4 0
5 1
6 75
7 75
0 2 76
1 4 76
2 3 4
3 4 4
4 5 4
5 2 4
6 3 76
7 5 76
O129
5 5
0 10
1 98
2 0
3 0
4 2
0 2 4
1 2 6
2 3 4
3 4 4
4 1 6
O97
12 12
0 75
1 75
2 75
3 0
4 1
5 0
6 1
7 0
8 1
9 75
10 75
11 75
0 3 76
1 5 76
2 7 76
3 4 4
4 5 4
5 6 4
6 7 4
7 8 4
8 3 4
9 4 76
10 6 76
11 8 76
O130
10 10
0 99
1 24
2 99
3 24
4 7
5 19
6 24
7 7
8 19
9 24
0 1 100
1 4 4
2 3 100
3 7 4
4 5 12
5 6 4
6 7 5
7 8 12
8 9 4
9 4 5
O97
8 8
0 75
1 75
2 0
3 1
4 0
5 1
6 75
7 75
0 2 76
1 4 76
2 3 4
3 4 4
4 5 4
5 2 4
6 3 76
7 5 76
O131
4 4
0 31
1 15
2 15
3 24
0 1 83
1 2 12
2 3 4
3 0 101
O97
20 20
0 75
1 75
2 75
3 75
4 75
5 0
6 1
7 0
8 1
9 0
10 1
11 0
12 1
13 0
14 1
15 75
16 75
17 75
18 75
19 75
0 5 76
1 7 76
2 9 76
3 11 76
4 13 76
5 6 4
6 7 4
7 8 4
8 9 4
9 10 4
10 11 4
11 12 4
12 13 4
13 14 4
14 5 4
15 6 76
16 8 76
17 10 76
18 12 76
19 14 76
O132
10 10
0 69
1 26
2 10
3 0
4 2
5 69
6 26
7 10
8 0
9 2
0 1 4
1 2 5
2 3 6
3 4 4
4 5 6
5 6 4
6 7 5
7 8 6
8 9 4
9 0 6
O97
20 20
0 75
1 75
2 75
3 75
4 75
5 0
6 1
7 0
8 1
9 0
10 1
11 0
12 1
13 0
14 1
15 75
16 75
17 75
18 75
19 75
0 5 76
1 7 76
2 9 76
3 11 76
4 13 76
5 6 4
6 7 4
7 8 4
8 9 4
9 10 4
10 11 4
11 12 4
12 13 4
13 14 4
14 5 4
15 6 76
16 8 76
17 10 76
18 12 76
19 14 76
O133
12 12
0 0
1 0
2 0
3 47
4 18
5 0
6 0
7 0
8 47
9 18
10 10
11 10
0 1 6
1 2 6
2 3 5
3 4 4
4 5 4
5 6 6
6 7 6
7 8 5
8 9 4
9 0 4
10 3 4
11 8 4
O97
8 8
0 75
1 75
2 0
3 1
4 0
5 1
6 75
7 75
0 2 76
1 4 76
2 3 4
3 4 4
4 5 4
5 2 4
6 3 76
7 5 76
O134
4 4
0 46
1 15
2 19
3 24
0 1 12
1 2 12
2 3 4
3 0 5
O97
8 8
0 75
1 75
2 0
3 1
4 0
5 1
6 75
7 75
0 2 76
1 4 76
2 3 4
3 4 4
4 5 4
5 2 4
6 3 76
7 5 76
O135
5 5
0 10
1 0
2 0
3 26
4 2
0 4 12
1 2 6
2 3 4
3 4 4
4 1 6
O97
12 12
0 75
1 75
2 75
3 0
4 1
5 0
6 1
7 0
8 1
9 75
10 75
11 75
0 3 76
1 5 76
2 7 76
3 4 4
4 5 4
5 6 4
6 7 4
7 8 4
8 3 4
9 4 76
10 6 76
11 8 76
O136
6 6
0 102
1 15
2 2
3 102
4 15
5 2
0 1 55
1 2 5
2 3 5
3 4 55
4 5 5
5 0 5
O97
12 12
0 75
1 75
2 75
3 0
4 1
5 0
6 1
7 0
8 1
9 75
10 75
11 75
0 3 76
1 5 76
2 7 76
3 4 4
4 5 4
5 6 4
6 7 4
7 8 4
8 3 4
9 4 76
10 6 76
11 8 76
O137
8 8
0 19
1 19
2 18
3 29
4 2
5 18
6 29
7 2
0 2 5
1 5 5
2 3 5
3 4 5
4 5 12
5 6 5
6 7 5
7 2 12
O97
8 8
0 75
1 75
2 0
3 1
4 0
5 1
6 75
7 75
0 2 76
1 4 76
2 3 4
3 4 4
4 5 4
5 2 4
6 3 76
7 5 76
O138
4 4
0 0
1 0
2 78
3 2
0 1 4
1 2 5
2 3 4
3 0 6
O97
12 12
0 75
1 75
2 75
3 0
4 1
5 0
6 1
7 0
8 1
9 75
10 75
11 75
0 3 76
1 5 76
2 7 76
3 4 4
4 5 4
5 6 4
6 7 4
7 8 4
8 3 4
9 4 76
10 6 76
11 8 76
O139
7 7
0 19
1 0
2 47
3 0
4 0
5 0
6 18
0 3 4
1 2 5
2 3 6
3 4 4
4 5 6
5 6 4
6 1 4
O97
8 8
0 75
1 75
2 0
3 1
4 0
5 1
6 75
7 75
0 2 76
1 4 76
2 3 4
3 4 4
4 5 4
5 2 4
6 3 76
7 5 76
O140
6 6
0 69
1 0
2 15
3 10
4 29
5 24
0 1 6
1 2 5
2 3 5
3 4 5
4 5 4
5 2 4
O97
12 12
0 75
1 75
2 75
3 0
4 1
5 0
6 1
7 0
8 1
9 75
10 75
11 75
0 3 76
1 5 76
2 7 76
3 4 4
4 5 4
5 6 4
6 7 4
7 8 4
8 3 4
9 4 76
10 6 76
11 8 76
O141
10 10
0 0
1 0
2 21
3 103
4 2
5 21
6 103
7 2
8 29
9 29
0 2 4
1 5 4
2 3 4
3 4 4
4 5 5
5 6 4
6 7 4
7 2 5
8 2 6
9 5 6
O97
8 8
0 75
1 75
2 0
3 1
4 0
5 1
6 75
7 75
0 2 76
1 4 76
2 3 4
3 4 4
4 5 4
5 2 4
6 3 76
7 5 76
O142
5 5
0 0
1 16
2 16
3 16
4 2
0 1 12
1 2 5
2 3 4
3 0 6
4 2 4
O97
8 8
0 75
1 75
2 0
3 1
4 0
5 1
6 75
7 75
0 2 76
1 4 76
2 3 4
3 4 4
4 5 4
5 2 4
6 3 76
7 5 76
O143
5 5
0 99
1 59
2 16
3 29
4 2
0 1 104
1 2 4
2 3 5
3 4 4
4 1 6
O97
12 12
0 75
1 75
2 75
3 0
4 1
5 0
6 1
7 0
8 1
9 75
10 75
11 75
0 3 76
1 5 76
2 7 76
3 4 4
4 5 4
5 6 4
6 7 4
7 8 4
8 3 4
9 4 76
10 6 76
11 8 76
O145
6 6
0 31
1 90
2 2
3 31
4 90
5 2
0 1 33
1 2 4
2 3 5
3 4 33
4 5 4
5 0 5
O97
8 8
0 75
1 75
2 0
3 1
4 0
5 1
6 75
7 75
0 2 76
1 4 76
2 3 4
3 4 4
4 5 4
5 2 4
6 3 76
7 5 76
O146
5 5
0 105
1 0
2 0
3 15
4 24
0 1 4
1 2 6
2 3 5
3 4 4
4 1 6
O97
8 8
0 75
1 75
2 0
3 1
4 0
5 1
6 75
7 75
0 2 76
1 4 76
2 3 4
3 4 4
4 5 4
5 2 4
6 3 76
7 5 76
O147
4 4
0 0
1 0
2 59
3 24
0 1 6
1 2 5
2 3 4
3 0 6
O97
8 8
0 75
1 75
2 0
3 1
4 0
5 1
6 75
7 75
0 2 76
1 4 76
2 3 4
3 4 4
4 5 4
5 2 4
6 3 76
7 5 76
O148
4 4
0 0
1 0
2 10
3 18
0 1 4
1 2 6
2 3 4
3 0 4
O97
12 12
0 75
1 75
2 75
3 0
4 1
5 0
6 1
7 0
8 1
9 75
10 75
11 75
0 3 76
1 5 76
2 7 76
3 4 4
4 5 4
5 6 4
6 7 4
7 8 4
8 3 4
9 4 76
10 6 76
11 8 76
O149
6 6
0 87
1 1
2 2
3 87
4 1
5 2
0 1 4
1 2 5
2 3 4
3 4 4
4 5 5
5 0 4
O97
20 20
0 75
1 75
2 75
3 75
4 75
5 0
6 1
7 0
8 1
9 0
10 1
11 0
12 1
13 0
14 1
15 75
16 75
17 75
18 75
19 75
0 5 76
1 7 76
2 9 76
3 11 76
4 13 76
5 6 4
6 7 4
7 8 4
8 9 4
9 10 4
10 11 4
11 12 4
12 13 4
13 14 4
14 5 4
15 6 76
16 8 76
17 10 76
18 12 76
19 14 76
O150
12 12
0 19
1 19
2 106
3 0
4 0
5 0
6 2
7 106
8 0
9 0
10 0
11 2
0 5 6
1 10 6
2 3 6
3 4 6
4 5 4
5 6 4
6 7 4
7 8 6
8 9 6
9 10 4
10 11 4
11 2 4
O97
8 8
0 75
1 75
2 0
3 1
4 0
5 1
6 75
7 75
0 2 76
1 4 76
2 3 4
3 4 4
4 5 4
5 2 4
6 3 76
7 5 76
O151
5 5
0 2
1 89
2 7
3 90
4 2
0 4 5
1 2 91
2 3 4
3 4 4
4 1 6
O97
8 8
0 75
1 75
2 0
3 1
4 0
5 1
6 75
7 75
0 2 76
1 4 76
2 3 4
3 4 4
4 5 4
5 2 4
6 3 76
7 5 76
O152
5 5
0 1
1 18
2 10
3 19
4 2
0 1 5
1 2 107
2 3 6
3 4 4
4 1 4
O97
20 20
0 75
1 75
2 75
3 75
4 75
5 0
6 1
7 0
8 1
9 0
10 1
11 0
12 1
13 0
14 1
15 75
16 75
17 75
18 75
19 75
0 5 76
1 7 76
2 9 76
3 11 76
4 13 76
5 6 4
6 7 4
7 8 4
8 9 4
9 10 4
10 11 4
11 12 4
12 13 4
13 14 4
14 5 4
15 6 76
16 8 76
17 10 76
18 12 76
19 14 76
O153
10 10
0 14
1 15
2 18
3 15
4 18
5 14
6 15
7 18
8 15
9 18
0 1 5
1 2 5
2 3 5
3 4 4
4 5 6
5 6 5
6 7 5
7 8 5
8 9 4
9 0 6
O97
8 8
0 75
1 75
2 0
3 1
4 0
5 1
6 75
7 75
0 2 76
1 4 76
2 3 4
3 4 4
4 5 4
5 2 4
6 3 76
7 5 76
O154
5 5
0 57
1 0
2 0
3 0
4 16
0 1 4
1 2 4
2 3 4
3 4 4
4 1 6
O97
12 12
0 75
1 75
2 75
3 0
4 1
5 0
6 1
7 0
8 1
9 75
10 75
11 75
0 3 76
1 5 76
2 7 76
3 4 4
4 5 4
5 6 4
6 7 4
7 8 4
8 3 4
9 4 76
10 6 76
11 8 76
O155
10 10
0 59
1 59
2 7
3 15
4 24
5 7
6 15
7 24
8 7
9 7
0 2 5
1 5 5
2 3 4
3 4 4
4 5 4
5 6 4
6 7 4
7 2 4
8 3 12
9 6 12
O97
8 8
0 75
1 75
2 0
3 1
4 0
5 1
6 75
7 75
0 2 76
1 4 76
2 3 4
3 4 4
4 5 4
5 2 4
6 3 76
7 5 76
O156
5 5
0 23
1 7
2 23
3 2
4 108
0 1 12
1 2 4
2 3 4
3 0 5
4 0 4
O97
8 8
0 75
1 75
2 0
3 1
4 0
5 1
6 75
7 75
0 2 76
1 4 76
2 3 4
3 4 4
4 5 4
5 2 4
6 3 76
7 5 76
O157
4 4
0 109
1 23
2 19
3 16
0 1 4
1 2 5
2 3 4
3 0 6
O97
12 12
0 75
1 75
2 75
3 0
4 1
5 0
6 1
7 0
8 1
9 75
10 75
11 75
0 3 76
1 5 76
2 7 76
3 4 4
4 5 4
5 6 4
6 7 4
7 8 4
8 3 4
9 4 76
10 6 76
11 8 76
O158 ab
10 10
0 10
1 10
2 10
3 16
4 24
5 10
6 16
7 24
8 0
9 0
0 2 12
1 5 12
2 3 4
3 4 4
4 5 5
5 6 4
6 7 4
7 2 5
8 2 4
9 5 4
O97
12 12
0 75
1 75
2 75
3 0
4 1
5 0
6 1
7 0
8 1
9 75
10 75
11 75
0 3 76
1 5 76
2 7 76
3 4 4
4 5 4
5 6 4
6 7 4
7 8 4
8 3 4
9 4 76
10 6 76
11 8 76
O158 ac
10 10
0 0
1 0
2 3
3 47
4 2
5 3
6 47
7 2
8 19
9 19
0 2 4
1 5 4
2 3 5
3 4 4
4 5 5
5 6 5
6 7 4
7 2 5
8 2 12
9 5 12
O97
8 8
0 75
1 75
2 0
3 1
4 0
5 1
6 75
7 75
0 2 76
1 4 76
2 3 4
3 4 4
4 5 4
5 2 4
6 3 76
7 5 76
O159
5 5
0 23
1 2
2 47
3 23
4 2
0 1 5
1 2 5
2 3 4
3 4 4
4 1 4
O97
8 8
0 75
1 75
2 0
3 1
4 0
5 1
6 75
7 75
0 2 76
1 4 76
2 3 4
3 4 4
4 5 4
5 2 4
6 3 76
7 5 76
O160
5 5
0 19
1 2
2 7
3 15
4 24
0 1 12
1 2 4
2 3 107
3 4 4
4 1 5
O97
12 12
0 75
1 75
2 75
3 0
4 1
5 0
6 1
7 0
8 1
9 75
10 75
11 75
0 3 76
1 5 76
2 7 76
3 4 4
4 5 4
5 6 4
6 7 4
7 8 4
8 3 4
9 4 76
10 6 76
11 8 76
O161
6 6
0 110
1 29
2 2
3 110
4 29
5 2
0 1 55
1 2 4
2 3 101
3 4 55
4 5 4
5 0 101
O97
8 8
0 75
1 75
2 0
3 1
4 0
5 1
6 75
7 75
0 2 76
1 4 76
2 3 4
3 4 4
4 5 4
5 2 4
6 3 76
7 5 76
O163
4 4
0 17
1 29
2 77
3 18
0 1 5
1 2 4
2 3 4
3 0 6
O97
12 12
0 75
1 75
2 75
3 0
4 1
5 0
6 1
7 0
8 1
9 75
10 75
11 75
0 3 76
1 5 76
2 7 76
3 4 4
4 5 4
5 6 4
6 7 4
7 8 4
8 3 4
9 4 76
10 6 76
11 8 76
O164
10 10
0 19
1 10
2 19
3 10
4 15
5 25
6 24
7 15
8 25
9 24
0 1 12
1 4 5
2 3 12
3 7 5
4 5 12
5 6 4
6 7 4
7 8 12
8 9 4
9 4 4
O97
8 8
0 75
1 75
2 0
3 1
4 0
5 1
6 75
7 75
0 2 76
1 4 76
2 3 4
3 4 4
4 5 4
5 2 4
6 3 76
7 5 76
O165
4 4
0 111
1 15
2 19
3 18
0 1 83
1 2 5
2 3 4
3 0 101
O97
8 8
0 75
1 75
2 0
3 1
4 0
5 1
6 75
7 75
0 2 76
1 4 76
2 3 4
3 4 4
4 5 4
5 2 4
6 3 76
7 5 76
O166
5 5
0 7
1 7
2 16
3 24
4 19
0 1 12
1 2 5
2 3 4
3 0 4
4 2 4
O97
20 20
0 75
1 75
2 75
3 75
4 75
5 0
6 1
7 0
8 1
9 0
10 1
11 0
12 1
13 0
14 1
15 75
16 75
17 75
18 75
19 75
0 5 76
1 7 76
2 9 76
3 11 76
4 13 76
5 6 4
6 7 4
7 8 4
8 9 4
9 10 4
10 11 4
11 12 4
12 13 4
13 14 4
14 5 4
15 6 76
16 8 76
17 10 76
18 12 76
19 14 76
O167
12 12
0 69
1 69
2 112
3 18
4 25
5 25
6 2
7 112
8 18
9 25
10 25
11 2
0 2 5
1 7 5
2 3 4
3 4 6
4 5 56
5 6 4
6 7 6
7 8 4
8 9 6
9 10 56
10 11 4
11 2 6
O97
8 8
0 75
1 75
2 0
3 1
4 0
5 1
6 75
7 75
0 2 76
1 4 76
2 3 4
3 4 4
4 5 4
5 2 4
6 3 76
7 5 76
O168
5 5
0 23
1 18
2 74
3 23
4 2
0 1 4
1 2 5
2 3 4
3 4 4
4 1 5
O97
8 8
0 75
1 75
2 0
3 1
4 0
5 1
6 75
7 75
0 2 76
1 4 76
2 3 4
3 4 4
4 5 4
5 2 4
6 3 76
7 5 76
O169
6 6
0 19
1 7
2 21
3 21
4 24
5 29
0 1 12
1 2 12
2 3 6
3 4 4
4 1 4
5 1 5
O97
8 8
0 75
1 75
2 0
3 1
4 0
5 1
6 75
7 75
0 2 76
1 4 76
2 3 4
3 4 4
4 5 4
5 2 4
6 3 76
7 5 76
O170
5 5
0 2
1 29
2 25
3 2
4 25
0 1 5
1 2 4
2 3 4
3 0 5
4 0 4
O97
20 20
0 75
1 75
2 75
3 75
4 75
5 0
6 1
7 0
8 1
9 0
10 1
11 0
12 1
13 0
14 1
15 75
16 75
17 75
18 75
19 75
0 5 76
1 7 76
2 9 76
3 11 76
4 13 76
5 6 4
6 7 4
7 8 4
8 9 4
9 10 4
10 11 4
11 12 4
12 13 4
13 14 4
14 5 4
15 6 76
16 8 76
17 10 76
18 12 76
19 14 76
O171
10 10
0 81
1 15
2 19
3 15
4 24
5 81
6 15
7 19
8 15
9 24
0 1 83
1 2 12
2 3 4
3 4 4
4 5 5
5 6 83
6 7 12
7 8 4
8 9 4
9 0 5
O97
20 20
0 75
1 75
2 75
3 75
4 75
5 0
6 1
7 0
8 1
9 0
10 1
11 0
12 1
13 0
14 1
15 75
16 75
17 75
18 75
19 75
0 5 76
1 7 76
2 9 76
3 11 76
4 13 76
5 6 4
6 7 4
7 8 4
8 9 4
9 10 4
10 11 4
11 12 4
12 13 4
13 14 4
14 5 4
15 6 76
16 8 76
17 10 76
18 12 76
19 14 76
O172
10 10
0 11
1 113
2 10
3 11
4 18
5 11
6 113
7 10
8 11
9 18
0 1 5
1 2 114
2 3 4
3 4 4
4 5 4
5 6 5
6 7 114
7 8 4
8 9 4
9 0 4
O97
8 8
0 75
1 75
2 0
3 1
4 0
5 1
6 75
7 75
0 2 76
1 4 76
2 3 4
3 4 4
4 5 4
5 2 4
6 3 76
7 5 76
O173
5 5
0 23
1 10
2 10
3 19
4 2
0 1 5
1 2 107
2 3 6
3 4 4
4 1 4
O97
12 12
0 75
1 75
2 75
3 0
4 1
5 0
6 1
7 0
8 1
9 75
10 75
11 75
0 3 76
1 5 76
2 7 76
3 4 4
4 5 4
5 6 4
6 7 4
7 8 4
8 3 4
9 4 76
10 6 76
11 8 76
O174 ab
8 8
0 2
1 2
2 29
3 15
4 24
5 29
6 15
7 24
0 2 6
1 5 6
2 3 4
3 4 4
4 5 5
5 6 4
6 7 4
7 2 5
O97
12 12
0 75
1 75
2 75
3 0
4 1
5 0
6 1
7 0
8 1
9 75
10 75
11 75
0 3 76
1 5 76
2 7 76
3 4 4
4 5 4
5 6 4
6 7 4
7 8 4
8 3 4
9 4 76
10 6 76
11 8 76
O174 ac
8 8
0 2
1 2
2 29
3 15
4 2
5 29
6 15
7 2
0 2 6
1 5 6
2 3 4
3 4 4
4 5 5
5 6 4
6 7 4
7 2 5
O97
20 20
0 75
1 75
2 75
3 75
4 75
5 0
6 1
7 0
8 1
9 0
10 1
11 0
12 1
13 0
14 1
15 75
16 75
17 75
18 75
19 75
0 5 76
1 7 76
2 9 76
3 11 76
4 13 76
5 6 4
6 7 4
7 8 4
8 9 4
9 10 4
10 11 4
11 12 4
12 13 4
13 14 4
14 5 4
15 6 76
16 8 76
17 10 76
18 12 76
19 14 76
O175
10 10
0 10
1 74
2 21
3 21
4 24
5 10
6 74
7 21
8 21
9 24
0 1 5
1 2 4
2 3 6
3 4 4
4 5 6
5 6 5
6 7 4
7 8 6
8 9 4
9 0 6
O97
8 8
0 75
1 75
2 0
3 1
4 0
5 1
6 75
7 75
0 2 76
1 4 76
2 3 4
3 4 4
4 5 4
5 2 4
6 3 76
7 5 76
O176
4 4
0 21
1 21
2 17
3 16
0 1 6
1 2 6
2 3 4
3 0 5
O97
8 8
0 75
1 75
2 0
3 1
4 0
5 1
6 75
7 75
0 2 76
1 4 76
2 3 4
3 4 4
4 5 4
5 2 4
6 3 76
7 5 76
O177
4 4
0 0
1 11
2 11
3 2
0 1 4
1 2 4
2 3 4
3 0 6
O97
20 20
0 75
1 75
2 75
3 75
4 75
5 0
6 1
7 0
8 1
9 0
10 1
11 0
12 1
13 0
14 1
15 75
16 75
17 75
18 75
19 75
0 5 76
1 7 76
2 9 76
3 11 76
4 13 76
5 6 4
6 7 4
7 8 4
8 9 4
9 10 4
10 11 4
11 12 4
12 13 4
13 14 4
14 5 4
15 6 76
16 8 76
17 10 76
18 12 76
19 14 76
O178
10 10
0 18
1 47
2 14
3 15
4 24
5 18
6 47
7 14
8 15
9 24
0 1 5
1 2 6
2 3 5
3 4 4
4 5 5
5 6 5
6 7 6
7 8 5
8 9 4
9 0 5
O97
8 8
0 75
1 75
2 0
3 1
4 0
5 1
6 75
7 75
0 2 76
1 4 76
2 3 4
3 4 4
4 5 4
5 2 4
6 3 76
7 5 76
O180
4 4
0 115
1 0
2 1
3 18
0 1 6
1 2 4
2 3 5
3 0 5
O97
8 8
0 75
1 75
2 0
3 1
4 0
5 1
6 75
7 75
0 2 76
1 4 76
2 3 4
3 4 4
4 5 4
5 2 4
6 3 76
7 5 76
O181
5 5
0 77
1 116
2 10
3 77
4 2
0 1 4
1 2 12
2 3 114
3 4 4
4 1 5
O97
12 12
0 75
1 75
2 75
3 0
4 1
5 0
6 1
7 0
8 1
9 75
10 75
11 75
0 3 76
1 5 76
2 7 76
3 4 4
4 5 4
5 6 4
6 7 4
7 8 4
8 3 4
9 4 76
10 6 76
11 8 76
O182
8 8
0 2
1 29
2 2
3 2
4 29
5 2
6 117
7 117
0 1 5
1 2 4
2 3 5
3 4 5
4 5 4
5 0 5
6 0 4
7 3 4
O97
8 8
0 75
1 75
2 0
3 1
4 0
5 1
6 75
7 75
0 2 76
1 4 76
2 3 4
3 4 4
4 5 4
5 2 4
6 3 76
7 5 76
O183
6 6
0 14
1 29
2 15
3 21
4 21
5 24
0 1 5
1 2 5
2 3 12
3 4 6
4 5 4
5 2 4
O97
8 8
0 75
1 75
2 0
3 1
4 0
5 1
6 75
7 75
0 2 76
1 4 76
2 3 4
3 4 4
4 5 4
5 2 4
6 3 76
7 5 76
O184
4 4
0 118
1 103
2 23
3 16
0 1 4
1 2 4
2 3 4
3 0 6
O97
20 20
0 75
1 75
2 75
3 75
4 75
5 0
6 1
7 0
8 1
9 0
10 1
11 0
12 1
13 0
14 1
15 75
16 75
17 75
18 75
19 75
0 5 76
1 7 76
2 9 76
3 11 76
4 13 76
5 6 4
6 7 4
7 8 4
8 9 4
9 10 4
10 11 4
11 12 4
12 13 4
13 14 4
14 5 4
15 6 76
16 8 76
17 10 76
18 12 76
19 14 76
O185
10 10
0 24
1 29
2 14
3 15
4 16
5 24
6 29
7 14
8 15
9 16
0 1 6
1 2 4
2 3 5
3 4 4
4 5 5
5 6 6
6 7 4
7 8 5
8 9 4
9 0 5
O97
8 8
0 75
1 75
2 0
3 1
4 0
5 1
6 75
7 75
0 2 76
1 4 76
2 3 4
3 4 4
4 5 4
5 2 4
6 3 76
7 5 76
O186
4 4
0 95
1 10
2 77
3 28
0 1 12
1 2 4
2 3 4
3 0 4
O98
4 4
0 77
1 78
2 77
3 2
0 1 5
1 2 4
2 3 4
3 0 4
O99
6 6
0 10
1 10
2 79
3 79
4 79
5 79
0 2 6
1 5 6
2 3 6
3 4 6
4 5 4
5 2 4
O98
4 4
0 77
1 78
2 77
3 2
0 1 5
1 2 4
2 3 4
3 0 4
O100
5 5
0 0
1 0
2 7
3 2
4 35
0 1 4
1 2 4
2 3 4
3 0 6
4 0 38
O98
4 4
0 77
1 78
2 77
3 2
0 1 5
1 2 4
2 3 4
3 0 4
O101
4 4
0 18
1 16
2 18
3 16
0 1 5
1 2 12
2 3 5
3 0 12
O98
12 12
0 77
1 78
2 77
3 2
4 77
5 78
6 77
7 2
8 77
9 78
10 77
11 2
0 1 5
1 2 4
2 3 4
3 4 4
4 5 5
5 6 4
6 7 4
7 8 4
8 9 5
9 10 4
10 11 4
11 0 4
O102
20 20
0 0
1 24
2 0
3 24
4 0
5 24
6 0
7 24
8 7
9 19
10 24
11 7
12 19
13 24
14 7
15 19
16 24
17 7
18 19
19 24
0 1 5
1 8 4
2 3 5
3 11 4
4 5 5
5 14 4
6 7 5
7 17 4
8 9 12
9 10 4
10 11 5
11 12 12
12 13 4
13 14 5
14 15 12
15 16 4
16 17 5
17 18 12
18 19 4
19 8 5
O98
20 20
0 77
1 78
2 77
3 2
4 77
5 78
6 77
7 2
8 77
9 78
10 77
11 2
12 77
13 78
14 77
15 2
16 77
17 78
18 77
19 2
0 1 5
1 2 4
2 3 4
3 4 4
4 5 5
5 6 4
6 7 4
7 8 4
8 9 5
9 10 4
10 11 4
11 12 4
12 13 5
13 14 4
14 15 4
15 16 4
16 17 5
17 18 4
18 19 4
19 0 4
O103
20 20
0 19
1 80
2 18
3 16
4 2
5 19
6 80
7 18
8 16
9 2
10 19
11 80
12 18
13 16
14 2
15 19
16 80
17 18
18 16
19 2
0 1 6
1 2 12
2 3 5
3 4 4
4 5 6
5 6 6
6 7 12
7 8 5
8 9 4
9 10 6
10 11 6
11 12 12
12 13 5
13 14 4
14 15 6
15 16 6
16 17 12
17 18 5
18 19 4
19 0 6
O98
4 4
0 77
1 78
2 77
3 2
0 1 5
1 2 4
2 3 4
3 0 4
O104
4 4
0 7
1 81
2 15
3 24
0 1 5
1 2 33
2 3 4
3 0 5
O98
4 4
0 77
1 78
2 77
3 2
0 1 5
1 2 4
2 3 4
3 0 4
O105
6 6
0 14
1 74
2 0
3 1
4 0
5 2
0 1 5
1 2 6
2 3 4
3 4 5
4 5 4
5 2 4
O98
20 20
0 77
1 78
2 77
3 2
4 77
5 78
6 77
7 2
8 77
9 78
10 77
11 2
12 77
13 78
14 77
15 2
16 77
17 78
18 77
19 2
0 1 5
1 2 4
2 3 4
3 4 4
4 5 5
5 6 4
6 7 4
7 8 4
8 9 5
9 10 4
10 11 4
11 12 4
12 13 5
13 14 4
14 15 4
15 16 4
16 17 5
17 18 4
18 19 4
19 0 4
O107
20 20
0 24
1 0
2 18
3 15
4 16
5 24
6 0
7 18
8 15
9 16
10 24
11 0
12 18
13 15
14 16
15 24
16 0
17 18
18 15
19 16
0 1 4
1 2 5
2 3 5
3 4 4
4 5 5
5 6 4
6 7 5
7 8 5
8 9 4
9 10 5
10 11 4
11 12 5
12 13 5
13 14 4
14 15 5
15 16 4
16 17 5
17 18 5
18 19 4
19 0 5
O98
4 4
0 77
1 78
2 77
3 2
0 1 5
1 2 4
2 3 4
3 0 4
O108
4 4
0 82
1 7
2 11
3 18
0 1 83
1 2 4
2 3 4
3 0 5
O98
12 12
0 77
1 78
2 77
3 2
4 77
5 78
6 77
7 2
8 77
9 78
10 77
11 2
0 1 5
1 2 4
2 3 4
3 4 4
4 5 5
5 6 4
6 7 4
7 8 4
8 9 5
9 10 4
10 11 4
11 0 4
O109
16 16
0 84
1 84
2 84
3 84
4 10
5 44
6 2
7 10
8 44
9 2
10 10
11 44
12 2
13 10
14 44
15 2
0 4 4
1 7 4
2 10 4
3 13 4
4 5 4
5 6 4
6 7 5
7 8 4
8 9 4
9 10 5
10 11 4
11 12 4
12 13 5
13 14 4
14 15 4
15 4 5
O98
4 4
0 77
1 78
2 77
3 2
0 1 5
1 2 4
2 3 4
3 0 4
O110
4 4
0 85
1 7
2 7
3 2
0 1 5
1 2 4
2 3 4
3 0 5
O98
12 12
0 77
1 78
2 77
3 2
4 77
5 78
6 77
7 2
8 77
9 78
10 77
11 2
0 1 5
1 2 4
2 3 4
3 4 4
4 5 5
5 6 4
6 7 4
7 8 4
8 9 5
9 10 4
10 11 4
11 0 4
O111
20 20
0 52
1 52
2 52
3 52
4 10
5 7
6 2
7 10
8 7
9 2
10 10
11 7
12 2
13 10
14 7
15 2
16 52
17 52
18 52
19 52
0 4 12
1 7 12
2 10 12
3 13 12
4 5 5
5 6 4
6 7 5
7 8 5
8 9 4
9 10 5
10 11 5
11 12 4
12 13 5
13 14 5
14 15 4
15 4 5
16 4 4
17 7 4
18 10 4
19 13 4
O98
4 4
0 77
1 78
2 77
3 2
0 1 5
1 2 4
2 3 4
3 0 4
O112 ab
5 5
0 2
1 16
2 10
3 86
4 24
0 1 4
1 2 5
2 3 5
3 4 4
4 1 5
O98
4 4
0 77
1 78
2 77
3 2
0 1 5
1 2 4
2 3 4
3 0 4
O112 ac
5 5
0 87
1 16
2 10
3 15
4 24
0 1 4
1 2 5
2 3 5
3 4 4
4 1 5
O98
4 4
0 77
1 78
2 77
3 2
0 1 5
1 2 4
2 3 4
3 0 4
O113
5 5
0 16
1 47
2 7
3 2
4 15
0 1 5
1 2 4
2 3 4
3 0 5
4 0 4
O98
4 4
0 77
1 78
2 77
3 2
0 1 5
1 2 4
2 3 4
3 0 4
O114
4 4
0 88
1 14
2 15
3 18
0 1 4
1 2 5
2 3 4
3 0 5
O98
4 4
0 77
1 78
2 77
3 2
0 1 5
1 2 4
2 3 4
3 0 4
O115
5 5
0 1
1 2
2 47
3 21
4 2
0 1 5
1 2 5
2 3 4
3 4 4
4 1 4
O98
20 20
0 77
1 78
2 77
3 2
4 77
5 78
6 77
7 2
8 77
9 78
10 77
11 2
12 77
13 78
14 77
15 2
16 77
17 78
18 77
19 2
0 1 5
1 2 4
2 3 4
3 4 4
4 5 5
5 6 4
6 7 4
7 8 4
8 9 5
9 10 4
10 11 4
11 12 4
12 13 5
13 14 4
14 15 4
15 16 4
16 17 5
17 18 4
18 19 4
19 0 4
O116
20 20
0 20
1 18
2 16
3 47
4 2
5 20
6 18
7 16
8 47
9 2
10 20
11 18
12 16
13 47
14 2
15 20
16 18
17 16
18 47
19 2
0 1 12
1 2 5
2 3 5
3 4 4
4 5 6
5 6 12
6 7 5
7 8 5
8 9 4
9 10 6
10 11 12
11 12 5
12 13 5
13 14 4
14 15 6
15 16 12
16 17 5
17 18 5
18 19 4
19 0 6
O98
20 20
0 77
1 78
2 77
3 2
4 77
5 78
6 77
7 2
8 77
9 78
10 77
11 2
12 77
13 78
14 77
15 2
16 77
17 78
18 77
19 2
0 1 5
1 2 4
2 3 4
3 4 4
4 5 5
5 6 4
6 7 4
7 8 4
8 9 5
9 10 4
10 11 4
11 12 4
12 13 5
13 14 4
14 15 4
15 16 4
16 17 5
17 18 4
18 19 4
19 0 4
O117
20 20
0 24
1 0
2 10
3 15
4 16
5 24
6 0
7 10
8 15
9 16
10 24
11 0
12 10
13 15
14 16
15 24
16 0
17 10
18 15
19 16
0 1 4
1 2 5
2 3 5
3 4 4
4 5 5
5 6 4
6 7 5
7 8 5
8 9 4
9 10 5
10 11 4
11 12 5
12 13 5
13 14 4
14 15 5
15 16 4
16 17 5
17 18 5
18 19 4
19 0 5
O98
4 4
0 77
1 78
2 77
3 2
0 1 5
1 2 4
2 3 4
3 0 4
O118
4 4
0 89
1 7
2 90
3 2
0 1 91
1 2 4
2 3 4
3 0 4
O98
4 4
0 77
1 78
2 77
3 2
0 1 5
1 2 4
2 3 4
3 0 4
O119
5 5
0 92
1 17
2 7
3 0
4 18
0 1 4
1 2 4
2 3 5
3 4 4
4 1 6
O98
20 20
0 77
1 78
2 77
3 2
4 77
5 78
6 77
7 2
8 77
9 78
10 77
11 2
12 77
13 78
14 77
15 2
16 77
17 78
18 77
19 2
0 1 5
1 2 4
2 3 4
3 4 4
4 5 5
5 6 4
6 7 4
7 8 4
8 9 5
9 10 4
10 11 4
11 12 4
12 13 5
13 14 4
14 15 4
15 16 4
16 17 5
17 18 4
18 19 4
19 0 4
O120
24 24
0 0
1 0
2 0
3 0
4 10
5 0
6 0
7 7
8 24
9 10
10 0
11 0
12 7
13 24
14 10
15 0
16 0
17 7
18 24
19 10
20 0
21 0
22 7
23 24
0 4 5
1 9 5
2 14 5
3 19 5
4 5 6
5 6 6
6 7 6
7 8 4
8 9 4
9 10 6
10 11 6
11 12 6
12 13 4
13 14 4
14 15 6
15 16 6
16 17 6
17 18 4
18 19 4
19 20 6
20 21 6
21 22 6
22 23 4
23 4 4
O98
4 4
0 77
1 78
2 77
3 2
0 1 5
1 2 4
2 3 4
3 0 4
O121
4 4
0 93
1 94
2 78
3 18
0 1 5
1 2 5
2 3 4
3 0 4
O98
4 4
0 77
1 78
2 77
3 2
0 1 5
1 2 4
2 3 4
3 0 4
O123
4 4
0 95
1 18
2 77
3 18
0 1 12
1 2 4
2 3 4
3 0 4
O98
12 12
0 77
1 78
2 77
3 2
4 77
5 78
6 77
7 2
8 77
9 78
10 77
11 2
0 1 5
1 2 4
2 3 4
3 4 4
4 5 5
5 6 4
6 7 4
7 8 4
8 9 5
9 10 4
10 11 4
11 0 4
O124
20 20
0 96
1 10
2 96
3 10
4 96
5 10
6 96
7 10
8 15
9 25
10 24
11 15
12 25
13 24
14 15
15 25
16 24
17 15
18 25
19 24
0 1 12
1 8 5
2 3 12
3 11 5
4 5 12
5 14 5
6 7 12
7 17 5
8 9 12
9 10 4
10 11 4
11 12 12
12 13 4
13 14 4
14 15 12
15 16 4
16 17 4
17 18 12
18 19 4
19 8 4
O98
4 4
0 77
1 78
2 77
3 2
0 1 5
1 2 4
2 3 4
3 0 4
O125 ab
6 6
0 10
1 24
2 21
3 23
4 16
5 15
0 2 4
1 2 6
2 3 4
3 4 4
4 1 5
5 1 4
O98
4 4
0 77
1 78
2 77
3 2
0 1 5
1 2 4
2 3 4
3 0 4
O126
5 5
0 17
1 15
2 18
3 2
4 23
0 1 4
1 2 4
2 3 4
3 0 6
4 1 6
