200
O79
24 24
0 0
1 0
2 0
3 0
4 15
5 66
6 17
7 29
8 18
9 15
10 66
11 17
12 29
13 18
14 15
15 66
16 17
17 29
18 18
19 15
20 66
21 17
22 29
23 18
0 5 4
1 10 4
2 15 4
3 20 4
4 5 5
5 6 4
6 7 5
7 8 4
8 9 6
9 10 5
10 11 4
11 12 5
12 13 4
13 14 6
14 15 5
15 16 4
16 17 5
17 18 4
18 19 6
19 20 5
20 21 4
21 22 5
22 23 4
23 4 6
O159
25 25
0 23
1 23
2 23
3 23
4 23
5 2
6 47
7 23
8 2
9 2
10 47
11 23
12 2
13 2
14 47
15 23
16 2
17 2
18 47
19 23
20 2
21 2
22 47
23 23
24 2
0 5 5
1 9 5
2 13 5
3 17 5
4 21 5
5 6 5
6 7 4
7 8 4
8 9 4
9 10 5
10 11 4
11 12 4
12 13 4
13 14 5
14 15 4
15 16 4
16 17 4
17 18 5
18 19 4
19 20 4
20 21 4
21 22 5
22 23 4
23 24 4
24 5 4
O79
24 24
0 0
1 0
2 0
3 0
4 15
5 66
6 17
7 29
8 18
9 15
10 66
11 17
12 29
13 18
14 15
15 66
16 17
17 29
18 18
19 15
20 66
21 17
22 29
23 18
0 5 4
1 10 4
2 15 4
3 20 4
4 5 5
5 6 4
6 7 5
7 8 4
8 9 6
9 10 5
10 11 4
11 12 5
12 13 4
13 14 6
14 15 5
15 16 4
16 17 5
17 18 4
18 19 6
19 20 5
20 21 4
21 22 5
22 23 4
23 4 6
O160
25 25
0 19
1 19
2 19
3 19
4 19
5 2
6 7
7 15
8 24
9 2
10 7
11 15
12 24
13 2
14 7
15 15
16 24
17 2
18 7
19 15
20 24
21 2
22 7
23 15
24 24
0 5 12
1 9 12
2 13 12
3 17 12
4 21 12
5 6 4
6 7 107
7 8 4
8 9 5
9 10 4
10 11 107
11 12 4
12 13 5
13 14 4
14 15 107
15 16 4
16 17 5
17 18 4
18 19 107
19 20 4
20 21 5
21 22 4
22 23 107
23 24 4
24 5 5
O79
18 18
0 0
1 0
2 0
3 15
4 66
5 17
6 29
7 18
8 15
9 66
10 17
11 29
12 18
13 15
14 66
15 17
16 29
17 18
0 4 4
1 9 4
2 14 4
3 4 5
4 5 4
5 6 5
6 7 4
7 8 6
8 9 5
9 10 4
10 11 5
11 12 4
12 13 6
13 14 5
14 15 4
15 16 5
16 17 4
17 3 6
O161
15 15
0 110
1 29
2 2
3 110
4 29
5 2
6 110
7 29
8 2
9 110
10 29
11 2
12 110
13 29
14 2
0 1 55
1 2 4
2 3 101
3 4 55
4 5 4
5 6 101
6 7 55
7 8 4
8 9 101
9 10 55
10 11 4
11 12 101
12 13 55
13 14 4
14 0 101
O79
24 24
0 0
1 0
2 0
3 0
4 15
5 66
6 17
7 29
8 18
9 15
10 66
11 17
12 29
13 18
14 15
15 66
16 17
17 29
18 18
19 15
20 66
21 17
22 29
23 18
0 5 4
1 10 4
2 15 4
3 20 4
4 5 5
5 6 4
6 7 5
7 8 4
8 9 6
9 10 5
10 11 4
11 12 5
12 13 4
13 14 6
14 15 5
15 16 4
16 17 5
17 18 4
18 19 6
19 20 5
20 21 4
21 22 5
22 23 4
23 4 6
O163
20 20
0 17
1 29
2 77
3 18
4 17
5 29
6 77
7 18
8 17
9 29
10 77
11 18
12 17
13 29
14 77
15 18
16 17
17 29
18 77
19 18
0 1 5
1 2 4
2 3 4
3 4 6
4 5 5
5 6 4
6 7 4
7 8 6
8 9 5
9 10 4
10 11 4
11 12 6
12 13 5
13 14 4
14 15 4
15 16 6
16 17 5
17 18 4
18 19 4
19 0 6
O79
18 18
0 0
1 0
2 0
3 15
4 66
5 17
6 29
7 18
8 15
9 66
10 17
11 29
12 18
13 15
14 66
15 17
16 29
17 18
0 4 4
1 9 4
2 14 4
3 4 5
4 5 4
5 6 5
6 7 4
7 8 6
8 9 5
9 10 4
10 11 5
11 12 4
12 13 6
13 14 5
14 15 4
15 16 5
16 17 4
17 3 6
O164
25 25
0 19
1 10
2 19
3 10
4 19
5 10
6 19
7 10
8 19
9 10
10 15
11 25
12 24
13 15
14 25
15 24
16 15
17 25
18 24
19 15
20 25
21 24
22 15
23 25
24 24
0 1 12
1 10 5
2 3 12
3 13 5
4 5 12
5 16 5
6 7 12
7 19 5
8 9 12
9 22 5
10 11 12
11 12 4
12 13 4
13 14 12
14 15 4
15 16 4
16 17 12
17 18 4
18 19 4
19 20 12
20 21 4
21 22 4
22 23 12
23 24 4
24 10 4
O79
24 24
0 0
1 0
2 0
3 0
4 15
5 66
6 17
7 29
8 18
9 15
10 66
11 17
12 29
13 18
14 15
15 66
16 17
17 29
18 18
19 15
20 66
21 17
22 29
23 18
0 5 4
1 10 4
2 15 4
3 20 4
4 5 5
5 6 4
6 7 5
7 8 4
8 9 6
9 10 5
10 11 4
11 12 5
12 13 4
13 14 6
14 15 5
15 16 4
16 17 5
17 18 4
18 19 6
19 20 5
20 21 4
21 22 5
22 23 4
23 4 6
O165
20 20
0 111
1 15
2 19
3 18
4 111
5 15
6 19
7 18
8 111
9 15
10 19
11 18
12 111
13 15
14 19
15 18
16 111
17 15
18 19
19 18
0 1 83
1 2 5
2 3 4
3 4 101
4 5 83
5 6 5
6 7 4
7 8 101
8 9 83
9 10 5
10 11 4
11 12 101
12 13 83
13 14 5
14 15 4
15 16 101
16 17 83
17 18 5
18 19 4
19 0 101
O79
24 24
0 0
1 0
2 0
3 0
4 15
5 66
6 17
7 29
8 18
9 15
10 66
11 17
12 29
13 18
14 15
15 66
16 17
17 29
18 18
19 15
20 66
21 17
22 29
23 18
0 5 4
1 10 4
2 15 4
3 20 4
4 5 5
5 6 4
6 7 5
7 8 4
8 9 6
9 10 5
10 11 4
11 12 5
12 13 4
13 14 6
14 15 5
15 16 4
16 17 5
17 18 4
18 19 6
19 20 5
20 21 4
21 22 5
22 23 4
23 4 6
O166
25 25
0 7
1 7
2 16
3 24
4 7
5 7
6 16
7 24
8 7
9 7
10 16
11 24
12 7
13 7
14 16
15 24
16 7
17 7
18 16
19 24
20 19
21 19
22 19
23 19
24 19
0 1 12
1 2 5
2 3 4
3 4 4
4 5 12
5 6 5
6 7 4
7 8 4
8 9 12
9 10 5
10 11 4
11 12 4
12 13 12
13 14 5
14 15 4
15 16 4
16 17 12
17 18 5
18 19 4
19 0 4
20 2 4
21 6 4
22 10 4
23 14 4
24 18 4
O79
6 6
0 0
1 15
2 66
3 17
4 29
5 18
0 2 4
1 2 5
2 3 4
3 4 5
4 5 4
5 1 6
O167
6 6
0 69
1 112
2 18
3 25
4 25
5 2
0 1 5
1 2 4
2 3 6
3 4 56
4 5 4
5 1 6
O79
24 24
0 0
1 0
2 0
3 0
4 15
5 66
6 17
7 29
8 18
9 15
10 66
11 17
12 29
13 18
14 15
15 66
16 17
17 29
18 18
19 15
20 66
21 17
22 29
23 18
0 5 4
1 10 4
2 15 4
3 20 4
4 5 5
5 6 4
6 7 5
7 8 4
8 9 6
9 10 5
10 11 4
11 12 5
12 13 4
13 14 6
14 15 5
15 16 4
16 17 5
17 18 4
18 19 6
19 20 5
20 21 4
21 22 5
22 23 4
23 4 6
O168
25 25
0 23
1 23
2 23
3 23
4 23
5 18
6 74
7 23
8 2
9 18
10 74
11 23
12 2
13 18
14 74
15 23
16 2
17 18
18 74
19 23
20 2
21 18
22 74
23 23
24 2
0 5 4
1 9 4
2 13 4
3 17 4
4 21 4
5 6 5
6 7 4
7 8 4
8 9 5
9 10 5
10 11 4
11 12 4
12 13 5
13 14 5
14 15 4
15 16 4
16 17 5
17 18 5
18 19 4
19 20 4
20 21 5
21 22 5
22 23 4
23 24 4
24 5 5
O79
24 24
0 0
1 0
2 0
3 0
4 15
5 66
6 17
7 29
8 18
9 15
10 66
11 17
12 29
13 18
14 15
15 66
16 17
17 29
18 18
19 15
20 66
21 17
22 29
23 18
0 5 4
1 10 4
2 15 4
3 20 4
4 5 5
5 6 4
6 7 5
7 8 4
8 9 6
9 10 5
10 11 4
11 12 5
12 13 4
13 14 6
14 15 5
15 16 4
16 17 5
17 18 4
18 19 6
19 20 5
20 21 4
21 22 5
22 23 4
23 4 6
O169
30 30
0 19
1 19
2 19
3 19
4 19
5 7
6 21
7 21
8 24
9 7
10 21
11 21
12 24
13 7
14 21
15 21
16 24
17 7
18 21
19 21
20 24
21 7
22 21
23 21
24 24
25 29
26 29
27 29
28 29
29 29
0 5 12
1 9 12
2 13 12
3 17 12
4 21 12
5 6 12
6 7 6
7 8 4
8 9 4
9 10 12
10 11 6
11 12 4
12 13 4
13 14 12
14 15 6
15 16 4
16 17 4
17 18 12
18 19 6
19 20 4
20 21 4
21 22 12
22 23 6
23 24 4
24 5 4
25 5 5
26 9 5
27 13 5
28 17 5
29 21 5
O79
24 24
0 0
1 0
2 0
3 0
4 15
5 66
6 17
7 29
8 18
9 15
10 66
11 17
12 29
13 18
14 15
15 66
16 17
17 29
18 18
19 15
20 66
21 17
22 29
23 18
0 5 4
1 10 4
2 15 4
3 20 4
4 5 5
5 6 4
6 7 5
7 8 4
8 9 6
9 10 5
10 11 4
11 12 5
12 13 4
13 14 6
14 15 5
15 16 4
16 17 5
17 18 4
18 19 6
19 20 5
20 21 4
21 22 5
22 23 4
23 4 6
O170
25 25
0 2
1 29
2 25
3 2
4 2
5 29
6 25
7 2
8 2
9 29
10 25
11 2
12 2
13 29
14 25
15 2
16 2
17 29
18 25
19 2
20 25
21 25
22 25
23 25
24 25
0 1 5
1 2 4
2 3 4
3 4 5
4 5 5
5 6 4
6 7 4
7 8 5
8 9 5
9 10 4
10 11 4
11 12 5
12 13 5
13 14 4
14 15 4
15 16 5
16 17 5
17 18 4
18 19 4
19 0 5
20 0 4
21 4 4
22 8 4
23 12 4
24 16 4
O79
6 6
0 0
1 15
2 66
3 17
4 29
5 18
0 2 4
1 2 5
2 3 4
3 4 5
4 5 4
5 1 6
O171
5 5
0 81
1 15
2 19
3 15
4 24
0 1 83
1 2 12
2 3 4
3 4 4
4 0 5
O79
6 6
0 0
1 15
2 66
3 17
4 29
5 18
0 2 4
1 2 5
2 3 4
3 4 5
4 5 4
5 1 6
O172
5 5
0 11
1 113
2 10
3 11
4 18
0 1 5
1 2 114
2 3 4
3 4 4
4 0 4
O79
24 24
0 0
1 0
2 0
3 0
4 15
5 66
6 17
7 29
8 18
9 15
10 66
11 17
12 29
13 18
14 15
15 66
16 17
17 29
18 18
19 15
20 66
21 17
22 29
23 18
0 5 4
1 10 4
2 15 4
3 20 4
4 5 5
5 6 4
6 7 5
7 8 4
8 9 6
9 10 5
10 11 4
11 12 5
12 13 4
13 14 6
14 15 5
15 16 4
16 17 5
17 18 4
18 19 6
19 20 5
20 21 4
21 22 5
22 23 4
23 4 6
O173
25 25
0 23
1 23
2 23
3 23
4 23
5 10
6 10
7 19
8 2
9 10
10 10
11 19
12 2
13 10
14 10
15 19
16 2
17 10
18 10
19 19
20 2
21 10
22 10
23 19
24 2
0 5 5
1 9 5
2 13 5
3 17 5
4 21 5
5 6 107
6 7 6
7 8 4
8 9 4
9 10 107
10 11 6
11 12 4
12 13 4
13 14 107
14 15 6
15 16 4
16 17 4
17 18 107
18 19 6
19 20 4
20 21 4
21 22 107
22 23 6
23 24 4
24 5 4
O79
18 18
0 0
1 0
2 0
3 15
4 66
5 17
6 29
7 18
8 15
9 66
10 17
11 29
12 18
13 15
14 66
15 17
16 29
17 18
0 4 4
1 9 4
2 14 4
3 4 5
4 5 4
5 6 5
6 7 4
7 8 6
8 9 5
9 10 4
10 11 5
11 12 4
12 13 6
13 14 5
14 15 4
15 16 5
16 17 4
17 3 6
O174 ab
20 20
0 2
1 2
2 2
3 2
4 2
5 29
6 15
7 24
8 29
9 15
10 24
11 29
12 15
13 24
14 29
15 15
16 24
17 29
18 15
19 24
0 5 6
1 8 6
2 11 6
3 14 6
4 17 6
5 6 4
6 7 4
7 8 5
8 9 4
9 10 4
10 11 5
11 12 4
12 13 4
13 14 5
14 15 4
15 16 4
16 17 5
17 18 4
18 19 4
19 5 5
O79
18 18
0 0
1 0
2 0
3 15
4 66
5 17
6 29
7 18
8 15
9 66
10 17
11 29
12 18
13 15
14 66
15 17
16 29
17 18
0 4 4
1 9 4
2 14 4
3 4 5
4 5 4
5 6 5
6 7 4
7 8 6
8 9 5
9 10 4
10 11 5
11 12 4
12 13 6
13 14 5
14 15 4
15 16 5
16 17 4
17 3 6
O174 ac
20 20
0 2
1 2
2 2
3 2
4 2
5 29
6 15
7 2
8 29
9 15
10 2
11 29
12 15
13 2
14 29
15 15
16 2
17 29
18 15
19 2
0 5 6
1 8 6
2 11 6
3 14 6
4 17 6
5 6 4
6 7 4
7 8 5
8 9 4
9 10 4
10 11 5
11 12 4
12 13 4
13 14 5
14 15 4
15 16 4
16 17 5
17 18 4
18 19 4
19 5 5
O79
6 6
0 0
1 15
2 66
3 17
4 29
5 18
0 2 4
1 2 5
2 3 4
3 4 5
4 5 4
5 1 6
O175
5 5
0 10
1 74
2 21
3 21
4 24
0 1 5
1 2 4
2 3 6
3 4 4
4 0 6
O79
24 24
0 0
1 0
2 0
3 0
4 15
5 66
6 17
7 29
8 18
9 15
10 66
11 17
12 29
13 18
14 15
15 66
16 17
17 29
18 18
19 15
20 66
21 17
22 29
23 18
0 5 4
1 10 4
2 15 4
3 20 4
4 5 5
5 6 4
6 7 5
7 8 4
8 9 6
9 10 5
10 11 4
11 12 5
12 13 4
13 14 6
14 15 5
15 16 4
16 17 5
17 18 4
18 19 6
19 20 5
20 21 4
21 22 5
22 23 4
23 4 6
O176
20 20
0 21
1 21
2 17
3 16
4 21
5 21
6 17
7 16
8 21
9 21
10 17
11 16
12 21
13 21
14 17
15 16
16 21
17 21
18 17
19 16
0 1 6
1 2 6
2 3 4
3 4 5
4 5 6
5 6 6
6 7 4
7 8 5
8 9 6
9 10 6
10 11 4
11 12 5
12 13 6
13 14 6
14 15 4
15 16 5
16 17 6
17 18 6
18 19 4
19 0 5
O79
24 24
0 0
1 0
2 0
3 0
4 15
5 66
6 17
7 29
8 18
9 15
10 66
11 17
12 29
13 18
14 15
15 66
16 17
17 29
18 18
19 15
20 66
21 17
22 29
23 18
0 5 4
1 10 4
2 15 4
3 20 4
4 5 5
5 6 4
6 7 5
7 8 4
8 9 6
9 10 5
10 11 4
11 12 5
12 13 4
13 14 6
14 15 5
15 16 4
16 17 5
17 18 4
18 19 6
19 20 5
20 21 4
21 22 5
22 23 4
23 4 6
O177
20 20
0 0
1 11
2 11
3 2
4 0
5 11
6 11
7 2
8 0
9 11
10 11
11 2
12 0
13 11
14 11
15 2
16 0
17 11
18 11
19 2
0 1 4
1 2 4
2 3 4
3 4 6
4 5 4
5 6 4
6 7 4
7 8 6
8 9 4
9 10 4
10 11 4
11 12 6
12 13 4
13 14 4
14 15 4
15 16 6
16 17 4
17 18 4
18 19 4
19 0 6
O79
6 6
0 0
1 15
2 66
3 17
4 29
5 18
0 2 4
1 2 5
2 3 4
3 4 5
4 5 4
5 1 6
O178
5 5
0 18
1 47
2 14
3 15
4 24
0 1 5
1 2 6
2 3 5
3 4 4
4 0 5
O79
24 24
0 0
1 0
2 0
3 0
4 15
5 66
6 17
7 29
8 18
9 15
10 66
11 17
12 29
13 18
14 15
15 66
16 17
17 29
18 18
19 15
20 66
21 17
22 29
23 18
0 5 4
1 10 4
2 15 4
3 20 4
4 5 5
5 6 4
6 7 5
7 8 4
8 9 6
9 10 5
10 11 4
11 12 5
12 13 4
13 14 6
14 15 5
15 16 4
16 17 5
17 18 4
18 19 6
19 20 5
20 21 4
21 22 5
22 23 4
23 4 6
O180
20 20
0 115
1 0
2 1
3 18
4 115
5 0
6 1
7 18
8 115
9 0
10 1
11 18
12 115
13 0
14 1
15 18
16 115
17 0
18 1
19 18
0 1 6
1 2 4
2 3 5
3 4 5
4 5 6
5 6 4
6 7 5
7 8 5
8 9 6
9 10 4
10 11 5
11 12 5
12 13 6
13 14 4
14 15 5
15 16 5
16 17 6
17 18 4
18 19 5
19 0 5
O79
24 24
0 0
1 0
2 0
3 0
4 15
5 66
6 17
7 29
8 18
9 15
10 66
11 17
12 29
13 18
14 15
15 66
16 17
17 29
18 18
19 15
20 66
21 17
22 29
23 18
0 5 4
1 10 4
2 15 4
3 20 4
4 5 5
5 6 4
6 7 5
7 8 4
8 9 6
9 10 5
10 11 4
11 12 5
12 13 4
13 14 6
14 15 5
15 16 4
16 17 5
17 18 4
18 19 6
19 20 5
20 21 4
21 22 5
22 23 4
23 4 6
O181
25 25
0 77
1 77
2 77
3 77
4 77
5 116
6 10
7 77
8 2
9 116
10 10
11 77
12 2
13 116
14 10
15 77
16 2
17 116
18 10
19 77
20 2
21 116
22 10
23 77
24 2
0 5 4
1 9 4
2 13 4
3 17 4
4 21 4
5 6 12
6 7 114
7 8 4
8 9 5
9 10 12
10 11 114
11 12 4
12 13 5
13 14 12
14 15 114
15 16 4
16 17 5
17 18 12
18 19 114
19 20 4
20 21 5
21 22 12
22 23 114
23 24 4
24 5 5
O79
18 18
0 0
1 0
2 0
3 15
4 66
5 17
6 29
7 18
8 15
9 66
10 17
11 29
12 18
13 15
14 66
15 17
16 29
17 18
0 4 4
1 9 4
2 14 4
3 4 5
4 5 4
5 6 5
6 7 4
7 8 6
8 9 5
9 10 4
10 11 5
11 12 4
12 13 6
13 14 5
14 15 4
15 16 5
16 17 4
17 3 6
O182
20 20
0 2
1 29
2 2
3 2
4 29
5 2
6 2
7 29
8 2
9 2
10 29
11 2
12 2
13 29
14 2
15 117
16 117
17 117
18 117
19 117
0 1 5
1 2 4
2 3 5
3 4 5
4 5 4
5 6 5
6 7 5
7 8 4
8 9 5
9 10 5
10 11 4
11 12 5
12 13 5
13 14 4
14 0 5
15 0 4
16 3 4
17 6 4
18 9 4
19 12 4
O79
24 24
0 0
1 0
2 0
3 0
4 15
5 66
6 17
7 29
8 18
9 15
10 66
11 17
12 29
13 18
14 15
15 66
16 17
17 29
18 18
19 15
20 66
21 17
22 29
23 18
0 5 4
1 10 4
2 15 4
3 20 4
4 5 5
5 6 4
6 7 5
7 8 4
8 9 6
9 10 5
10 11 4
11 12 5
12 13 4
13 14 6
14 15 5
15 16 4
16 17 5
17 18 4
18 19 6
19 20 5
20 21 4
21 22 5
22 23 4
23 4 6
O183
30 30
0 14
1 29
2 14
3 29
4 14
5 29
6 14
7 29
8 14
9 29
10 15
11 21
12 21
13 24
14 15
15 21
16 21
17 24
18 15
19 21
20 21
21 24
22 15
23 21
24 21
25 24
26 15
27 21
28 21
29 24
0 1 5
1 10 5
2 3 5
3 14 5
4 5 5
5 18 5
6 7 5
7 22 5
8 9 5
9 26 5
10 11 12
11 12 6
12 13 4
13 14 4
14 15 12
15 16 6
16 17 4
17 18 4
18 19 12
19 20 6
20 21 4
21 22 4
22 23 12
23 24 6
24 25 4
25 26 4
26 27 12
27 28 6
28 29 4
29 10 4
O79
24 24
0 0
1 0
2 0
3 0
4 15
5 66
6 17
7 29
8 18
9 15
10 66
11 17
12 29
13 18
14 15
15 66
16 17
17 29
18 18
19 15
20 66
21 17
22 29
23 18
0 5 4
1 10 4
2 15 4
3 20 4
4 5 5
5 6 4
6 7 5
7 8 4
8 9 6
9 10 5
10 11 4
11 12 5
12 13 4
13 14 6
14 15 5
15 16 4
16 17 5
17 18 4
18 19 6
19 20 5
20 21 4
21 22 5
22 23 4
23 4 6
O184
20 20
0 118
1 103
2 23
3 16
4 118
5 103
6 23
7 16
8 118
9 103
10 23
11 16
12 118
13 103
14 23
15 16
16 118
17 103
18 23
19 16
0 1 4
1 2 4
2 3 4
3 4 6
4 5 4
5 6 4
6 7 4
7 8 6
8 9 4
9 10 4
10 11 4
11 12 6
12 13 4
13 14 4
14 15 4
15 16 6
16 17 4
17 18 4
18 19 4
19 0 6
O79
6 6
0 0
1 15
2 66
3 17
4 29
5 18
0 2 4
1 2 5
2 3 4
3 4 5
4 5 4
5 1 6
O185
5 5
0 24
1 29
2 14
3 15
4 16
0 1 6
1 2 4
2 3 5
3 4 4
4 0 5
O79
24 24
0 0
1 0
2 0
3 0
4 15
5 66
6 17
7 29
8 18
9 15
10 66
11 17
12 29
13 18
14 15
15 66
16 17
17 29
18 18
19 15
20 66
21 17
22 29
23 18
0 5 4
1 10 4
2 15 4
3 20 4
4 5 5
5 6 4
6 7 5
7 8 4
8 9 6
9 10 5
10 11 4
11 12 5
12 13 4
13 14 6
14 15 5
15 16 4
16 17 5
17 18 4
18 19 6
19 20 5
20 21 4
21 22 5
22 23 4
23 4 6
O186
20 20
0 95
1 10
2 77
3 28
4 95
5 10
6 77
7 28
8 95
9 10
10 77
11 28
12 95
13 10
14 77
15 28
16 95
17 10
18 77
19 28
0 1 12
1 2 4
2 3 4
3 4 4
4 5 12
5 6 4
6 7 4
7 8 4
8 9 12
9 10 4
10 11 4
11 12 4
12 13 12
13 14 4
14 15 4
15 16 4
16 17 12
17 18 4
18 19 4
19 0 4
O82
25 25
0 67
1 67
2 67
3 67
4 67
5 10
6 15
7 19
8 2
9 10
10 15
11 19
12 2
13 10
14 15
15 19
16 2
17 10
18 15
19 19
20 2
21 10
22 15
23 19
24 2
0 5 68
1 9 68
2 13 68
3 17 68
4 21 68
5 6 5
6 7 5
7 8 4
8 9 5
9 10 5
10 11 5
11 12 4
12 13 5
13 14 5
14 15 5
15 16 4
16 17 5
17 18 5
18 19 5
19 20 4
20 21 5
21 22 5
22 23 5
23 24 4
24 5 5
O83
20 20
0 10
1 29
2 15
3 15
4 2
5 10
6 29
7 15
8 15
9 2
10 10
11 29
12 15
13 15
14 2
15 10
16 29
17 15
18 15
19 2
0 1 5
1 2 12
2 3 5
3 4 5
4 5 12
5 6 5
6 7 12
7 8 5
8 9 5
9 10 12
10 11 5
11 12 12
12 13 5
13 14 5
14 15 12
15 16 5
16 17 12
17 18 5
18 19 5
19 0 12
O82
5 5
0 67
1 10
2 15
3 19
4 2
0 1 68
1 2 5
2 3 5
3 4 4
4 1 5
O85
5 5
0 69
1 7
2 3
3 25
4 2
0 1 5
1 2 4
2 3 12
3 4 4
4 1 6
O82
5 5
0 67
1 10
2 15
3 19
4 2
0 1 68
1 2 5
2 3 5
3 4 4
4 1 5
O86
5 5
0 7
1 23
2 15
3 16
4 24
0 2 4
1 2 6
2 3 4
3 4 4
4 1 5
O82
5 5
0 67
1 10
2 15
3 19
4 2
0 1 68
1 2 5
2 3 5
3 4 4
4 1 5
O86.2
5 5
0 7
1 15
2 16
3 16
4 23
0 1 4
1 2 4
2 3 4
3 0 6
4 1 6
O82
5 5
0 67
1 10
2 15
3 19
4 2
0 1 68
1 2 5
2 3 5
3 4 4
4 1 5
O86.3
5 5
0 7
1 23
2 15
3 16
4 24
0 2 4
1 2 6
2 3 4
3 4 4
4 1 5
O82
5 5
0 67
1 10
2 15
3 19
4 2
0 1 68
1 2 5
2 3 5
3 4 4
4 1 5
O87
4 4
0 25
1 7
2 70
3 24
0 1 5
1 2 4
2 3 4
3 0 4
O82
15 15
0 67
1 67
2 67
3 10
4 15
5 19
6 2
7 10
8 15
9 19
10 2
11 10
12 15
13 19
14 2
0 3 68
1 7 68
2 11 68
3 4 5
4 5 5
5 6 4
6 7 5
7 8 5
8 9 5
9 10 4
10 11 5
11 12 5
12 13 5
13 14 4
14 3 5
O88
16 16
0 21
1 21
2 2
3 21
4 21
5 2
6 21
7 21
8 2
9 21
10 21
11 2
12 61
13 61
14 61
15 61
0 1 4
1 2 4
2 3 5
3 4 4
4 5 4
5 6 5
6 7 4
7 8 4
8 9 5
9 10 4
10 11 4
11 0 5
12 0 4
13 3 4
14 6 4
15 9 4
O82
5 5
0 67
1 10
2 15
3 19
4 2
0 1 68
1 2 5
2 3 5
3 4 4
4 1 5
O90
4 4
0 71
1 15
2 16
3 24
0 1 6
1 2 4
2 3 4
3 0 5
O82
25 25
0 67
1 67
2 67
3 67
4 67
5 10
6 15
7 19
8 2
9 10
10 15
11 19
12 2
13 10
14 15
15 19
16 2
17 10
18 15
19 19
20 2
21 10
22 15
23 19
24 2
0 5 68
1 9 68
2 13 68
3 17 68
4 21 68
5 6 5
6 7 5
7 8 4
8 9 5
9 10 5
10 11 5
11 12 4
12 13 5
13 14 5
14 15 5
15 16 4
16 17 5
17 18 5
18 19 5
19 20 4
20 21 5
21 22 5
22 23 5
23 24 4
24 5 5
O91
20 20
0 72
1 15
2 2
3 73
4 2
5 72
6 15
7 2
8 73
9 2
10 72
11 15
12 2
13 73
14 2
15 72
16 15
17 2
18 73
19 2
0 1 5
1 2 5
2 3 5
3 4 4
4 5 5
5 6 5
6 7 5
7 8 5
8 9 4
9 10 5
10 11 5
11 12 5
12 13 5
13 14 4
14 15 5
15 16 5
16 17 5
17 18 5
18 19 4
19 0 5
O82
5 5
0 67
1 10
2 15
3 19
4 2
0 1 68
1 2 5
2 3 5
3 4 4
4 1 5
O96
5 5
0 74
1 2
2 25
3 2
4 25
0 1 5
1 2 56
2 3 4
3 0 6
4 0 5
O82
5 5
0 67
1 10
2 15
3 19
4 2
0 1 68
1 2 5
2 3 5
3 4 4
4 1 5
O97
8 8
0 75
1 75
2 0
3 1
4 0
5 1
6 75
7 75
0 2 76
1 4 76
2 3 4
3 4 4
4 5 4
5 2 4
6 3 76
7 5 76
O82
5 5
0 67
1 10
2 15
3 19
4 2
0 1 68
1 2 5
2 3 5
3 4 4
4 1 5
O98
4 4
0 77
1 78
2 77
3 2
0 1 5
1 2 4
2 3 4
3 0 4
O82
5 5
0 67
1 10
2 15
3 19
4 2
0 1 68
1 2 5
2 3 5
3 4 4
4 1 5
O99
6 6
0 10
1 10
2 79
3 79
4 79
5 79
0 2 6
1 5 6
2 3 6
3 4 6
4 5 4
5 2 4
O82
5 5
0 67
1 10
2 15
3 19
4 2
0 1 68
1 2 5
2 3 5
3 4 4
4 1 5
O100
5 5
0 0
1 0
2 7
3 2
4 35
0 1 4
1 2 4
2 3 4
3 0 6
4 0 38
O82
5 5
0 67
1 10
2 15
3 19
4 2
0 1 68
1 2 5
2 3 5
3 4 4
4 1 5
O101
4 4
0 18
1 16
2 18
3 16
0 1 5
1 2 12
2 3 5
3 0 12
O82
15 15
0 67
1 67
2 67
3 10
4 15
5 19
6 2
7 10
8 15
9 19
10 2
11 10
12 15
13 19
14 2
0 3 68
1 7 68
2 11 68
3 4 5
4 5 5
5 6 4
6 7 5
7 8 5
8 9 5
9 10 4
10 11 5
11 12 5
12 13 5
13 14 4
14 3 5
O102
20 20
0 0
1 24
2 0
3 24
4 0
5 24
6 0
7 24
8 7
9 19
10 24
11 7
12 19
13 24
14 7
15 19
16 24
17 7
18 19
19 24
0 1 5
1 8 4
2 3 5
3 11 4
4 5 5
5 14 4
6 7 5
7 17 4
8 9 12
9 10 4
10 11 5
11 12 12
12 13 4
13 14 5
14 15 12
15 16 4
16 17 5
17 18 12
18 19 4
19 8 5
O82
25 25
0 67
1 67
2 67
3 67
4 67
5 10
6 15
7 19
8 2
9 10
10 15
11 19
12 2
13 10
14 15
15 19
16 2
17 10
18 15
19 19
20 2
21 10
22 15
23 19
24 2
0 5 68
1 9 68
2 13 68
3 17 68
4 21 68
5 6 5
6 7 5
7 8 4
8 9 5
9 10 5
10 11 5
11 12 4
12 13 5
13 14 5
14 15 5
15 16 4
16 17 5
17 18 5
18 19 5
19 20 4
20 21 5
21 22 5
22 23 5
23 24 4
24 5 5
O103
20 20
0 19
1 80
2 18
3 16
4 2
5 19
6 80
7 18
8 16
9 2
10 19
11 80
12 18
13 16
14 2
15 19
16 80
17 18
18 16
19 2
0 1 6
1 2 12
2 3 5
3 4 4
4 5 6
5 6 6
6 7 12
7 8 5
8 9 4
9 10 6
10 11 6
11 12 12
12 13 5
13 14 4
14 15 6
15 16 6
16 17 12
17 18 5
18 19 4
19 0 6
O82
5 5
0 67
1 10
2 15
3 19
4 2
0 1 68
1 2 5
2 3 5
3 4 4
4 1 5
O104
4 4
0 7
1 81
2 15
3 24
0 1 5
1 2 33
2 3 4
3 0 5
O82
5 5
0 67
1 10
2 15
3 19
4 2
0 1 68
1 2 5
2 3 5
3 4 4
4 1 5
O105
6 6
0 14
1 74
2 0
3 1
4 0
5 2
0 1 5
1 2 6
2 3 4
3 4 5
4 5 4
5 2 4
O82
25 25
0 67
1 67
2 67
3 67
4 67
5 10
6 15
7 19
8 2
9 10
10 15
11 19
12 2
13 10
14 15
15 19
16 2
17 10
18 15
19 19
20 2
21 10
22 15
23 19
24 2
0 5 68
1 9 68
2 13 68
3 17 68
4 21 68
5 6 5
6 7 5
7 8 4
8 9 5
9 10 5
10 11 5
11 12 4
12 13 5
13 14 5
14 15 5
15 16 4
16 17 5
17 18 5
18 19 5
19 20 4
20 21 5
21 22 5
22 23 5
23 24 4
24 5 5
O107
20 20
0 24
1 0
2 18
3 15
4 16
5 24
6 0
7 18
8 15
9 16
10 24
11 0
12 18
13 15
14 16
15 24
16 0
17 18
18 15
19 16
0 1 4
1 2 5
2 3 5
3 4 4
4 5 5
5 6 4
6 7 5
7 8 5
8 9 4
9 10 5
10 11 4
11 12 5
12 13 5
13 14 4
14 15 5
15 16 4
16 17 5
17 18 5
18 19 4
19 0 5
O82
5 5
0 67
1 10
2 15
3 19
4 2
0 1 68
1 2 5
2 3 5
3 4 4
4 1 5
O108
4 4
0 82
1 7
2 11
3 18
0 1 83
1 2 4
2 3 4
3 0 5
O82
15 15
0 67
1 67
2 67
3 10
4 15
5 19
6 2
7 10
8 15
9 19
10 2
11 10
12 15
13 19
14 2
0 3 68
1 7 68
2 11 68
3 4 5
4 5 5
5 6 4
6 7 5
7 8 5
8 9 5
9 10 4
10 11 5
11 12 5
12 13 5
13 14 4
14 3 5
O109
16 16
0 84
1 84
2 84
3 84
4 10
5 44
6 2
7 10
8 44
9 2
10 10
11 44
12 2
13 10
14 44
15 2
0 4 4
1 7 4
2 10 4
3 13 4
4 5 4
5 6 4
6 7 5
7 8 4
8 9 4
9 10 5
10 11 4
11 12 4
12 13 5
13 14 4
14 15 4
15 4 5
O82
5 5
0 67
1 10
2 15
3 19
4 2
0 1 68
1 2 5
2 3 5
3 4 4
4 1 5
O110
4 4
0 85
1 7
2 7
3 2
0 1 5
1 2 4
2 3 4
3 0 5
O82
15 15
0 67
1 67
2 67
3 10
4 15
5 19
6 2
7 10
8 15
9 19
10 2
11 10
12 15
13 19
14 2
0 3 68
1 7 68
2 11 68
3 4 5
4 5 5
5 6 4
6 7 5
7 8 5
8 9 5
9 10 4
10 11 5
11 12 5
12 13 5
13 14 4
14 3 5
O111
20 20
0 52
1 52
2 52
3 52
4 10
5 7
6 2
7 10
8 7
9 2
10 10
11 7
12 2
13 10
14 7
15 2
16 52
17 52
18 52
19 52
0 4 12
1 7 12
2 10 12
3 13 12
4 5 5
5 6 4
6 7 5
7 8 5
8 9 4
9 10 5
10 11 5
11 12 4
12 13 5
13 14 5
14 15 4
15 4 5
16 4 4
17 7 4
18 10 4
19 13 4
O82
5 5
0 67
1 10
2 15
3 19
4 2
0 1 68
1 2 5
2 3 5
3 4 4
4 1 5
O112 ab
5 5
0 2
1 16
2 10
3 86
4 24
0 1 4
1 2 5
2 3 5
3 4 4
4 1 5
O82
5 5
0 67
1 10
2 15
3 19
4 2
0 1 68
1 2 5
2 3 5
3 4 4
4 1 5
O112 ac
5 5
0 87
1 16
2 10
3 15
4 24
0 1 4
1 2 5
2 3 5
3 4 4
4 1 5
O82
5 5
0 67
1 10
2 15
3 19
4 2
0 1 68
1 2 5
2 3 5
3 4 4
4 1 5
O113
5 5
0 16
1 47
2 7
3 2
4 15
0 1 5
1 2 4
2 3 4
3 0 5
4 0 4
O82
5 5
0 67
1 10
2 15
3 19
4 2
0 1 68
1 2 5
2 3 5
3 4 4
4 1 5
O114
4 4
0 88
1 14
2 15
3 18
0 1 4
1 2 5
2 3 4
3 0 5
O82
5 5
0 67
1 10
2 15
3 19
4 2
0 1 68
1 2 5
2 3 5
3 4 4
4 1 5
O115
5 5
0 1
1 2
2 47
3 21
4 2
0 1 5
1 2 5
2 3 4
3 4 4
4 1 4
O82
25 25
0 67
1 67
2 67
3 67
4 67
5 10
6 15
7 19
8 2
9 10
10 15
11 19
12 2
13 10
14 15
15 19
16 2
17 10
18 15
19 19
20 2
21 10
22 15
23 19
24 2
0 5 68
1 9 68
2 13 68
3 17 68
4 21 68
5 6 5
6 7 5
7 8 4
8 9 5
9 10 5
10 11 5
11 12 4
12 13 5
13 14 5
14 15 5
15 16 4
16 17 5
17 18 5
18 19 5
19 20 4
20 21 5
21 22 5
22 23 5
23 24 4
24 5 5
O116
20 20
0 20
1 18
2 16
3 47
4 2
5 20
6 18
7 16
8 47
9 2
10 20
11 18
12 16
13 47
14 2
15 20
16 18
17 16
18 47
19 2
0 1 12
1 2 5
2 3 5
3 4 4
4 5 6
5 6 12
6 7 5
7 8 5
8 9 4
9 10 6
10 11 12
11 12 5
12 13 5
13 14 4
14 15 6
15 16 12
16 17 5
17 18 5
18 19 4
19 0 6
O82
25 25
0 67
1 67
2 67
3 67
4 67
5 10
6 15
7 19
8 2
9 10
10 15
11 19
12 2
13 10
14 15
15 19
16 2
17 10
18 15
19 19
20 2
21 10
22 15
23 19
24 2
0 5 68
1 9 68
2 13 68
3 17 68
4 21 68
5 6 5
6 7 5
7 8 4
8 9 5
9 10 5
10 11 5
11 12 4
12 13 5
13 14 5
14 15 5
15 16 4
16 17 5
17 18 5
18 19 5
19 20 4
20 21 5
21 22 5
22 23 5
23 24 4
24 5 5
O117
20 20
0 24
1 0
2 10
3 15
4 16
5 24
6 0
7 10
8 15
9 16
10 24
11 0
12 10
13 15
14 16
15 24
16 0
17 10
18 15
19 16
0 1 4
1 2 5
2 3 5
3 4 4
4 5 5
5 6 4
6 7 5
7 8 5
8 9 4
9 10 5
10 11 4
11 12 5
12 13 5
13 14 4
14 15 5
15 16 4
16 17 5
17 18 5
18 19 4
19 0 5
O82
5 5
0 67
1 10
2 15
3 19
4 2
0 1 68
1 2 5
2 3 5
3 4 4
4 1 5
O118
4 4
0 89
1 7
2 90
3 2
0 1 91
1 2 4
2 3 4
3 0 4
O82
5 5
0 67
1 10
2 15
3 19
4 2
0 1 68
1 2 5
2 3 5
3 4 4
4 1 5
O119
5 5
0 92
1 17
2 7
3 0
4 18
0 1 4
1 2 4
2 3 5
3 4 4
4 1 6
O82
25 25
0 67
1 67
2 67
3 67
4 67
5 10
6 15
7 19
8 2
9 10
10 15
11 19
12 2
13 10
14 15
15 19
16 2
17 10
18 15
19 19
20 2
21 10
22 15
23 19
24 2
0 5 68
1 9 68
2 13 68
3 17 68
4 21 68
5 6 5
6 7 5
7 8 4
8 9 5
9 10 5
10 11 5
11 12 4
12 13 5
13 14 5
14 15 5
15 16 4
16 17 5
17 18 5
18 19 5
19 20 4
20 21 5
21 22 5
22 23 5
23 24 4
24 5 5
O120
24 24
0 0
1 0
2 0
3 0
4 10
5 0
6 0
7 7
8 24
9 10
10 0
11 0
12 7
13 24
14 10
15 0
16 0
17 7
18 24
19 10
20 0
21 0
22 7
23 24
0 4 5
1 9 5
2 14 5
3 19 5
4 5 6
5 6 6
6 7 6
7 8 4
8 9 4
9 10 6
10 11 6
11 12 6
12 13 4
13 14 4
14 15 6
15 16 6
16 17 6
17 18 4
18 19 4
19 20 6
20 21 6
21 22 6
22 23 4
23 4 4
O82
5 5
0 67
1 10
2 15
3 19
4 2
0 1 68
1 2 5
2 3 5
3 4 4
4 1 5
O121
4 4
0 93
1 94
2 78
3 18
0 1 5
1 2 5
2 3 4
3 0 4
O82
5 5
0 67
1 10
2 15
3 19
4 2
0 1 68
1 2 5
2 3 5
3 4 4
4 1 5
O123
4 4
0 95
1 18
2 77
3 18
0 1 12
1 2 4
2 3 4
3 0 4
O82
15 15
0 67
1 67
2 67
3 10
4 15
5 19
6 2
7 10
8 15
9 19
10 2
11 10
12 15
13 19
14 2
0 3 68
1 7 68
2 11 68
3 4 5
4 5 5
5 6 4
6 7 5
7 8 5
8 9 5
9 10 4
10 11 5
11 12 5
12 13 5
13 14 4
14 3 5
O124
20 20
0 96
1 10
2 96
3 10
4 96
5 10
6 96
7 10
8 15
9 25
10 24
11 15
12 25
13 24
14 15
15 25
16 24
17 15
18 25
19 24
0 1 12
1 8 5
2 3 12
3 11 5
4 5 12
5 14 5
6 7 12
7 17 5
8 9 12
9 10 4
10 11 4
11 12 12
12 13 4
13 14 4
14 15 12
15 16 4
16 17 4
17 18 12
18 19 4
19 8 4
O82
5 5
0 67
1 10
2 15
3 19
4 2
0 1 68
1 2 5
2 3 5
3 4 4
4 1 5
O125 ab
6 6
0 10
1 24
2 21
3 23
4 16
5 15
0 2 4
1 2 6
2 3 4
3 4 4
4 1 5
5 1 4
O82
5 5
0 67
1 10
2 15
3 19
4 2
0 1 68
1 2 5
2 3 5
3 4 4
4 1 5
O126
5 5
0 17
1 15
2 18
3 2
4 23
0 1 4
1 2 4
2 3 4
3 0 6
4 1 6
O82
15 15
0 67
1 67
2 67
3 10
4 15
5 19
6 2
7 10
8 15
9 19
10 2
11 10
12 15
13 19
14 2
0 3 68
1 7 68
2 11 68
3 4 5
4 5 5
5 6 4
6 7 5
7 8 5
8 9 5
9 10 4
10 11 5
11 12 5
12 13 5
13 14 4
14 3 5
O126.2
16 16
0 17
1 7
2 2
3 17
4 7
5 2
6 17
7 7
8 2
9 17
10 7
11 2
12 97
13 97
14 97
15 97
0 1 4
1 2 4
2 3 6
3 4 4
4 5 4
5 6 6
6 7 4
7 8 4
8 9 6
9 10 4
10 11 4
11 0 6
12 1 6
13 4 6
14 7 6
15 10 6
O82
5 5
0 67
1 10
2 15
3 19
4 2
0 1 68
1 2 5
2 3 5
3 4 4
4 1 5
O127
4 4
0 23
1 15
2 16
3 16
0 1 6
1 2 4
2 3 4
3 0 6
O82
5 5
0 67
1 10
2 15
3 19
4 2
0 1 68
1 2 5
2 3 5
3 4 4
4 1 5
O128 ab
5 5
0 15
1 24
2 7
3 24
4 23
0 1 4
1 2 5
2 3 4
3 0 12
4 0 6
O82
5 5
0 67
1 10
2 15
3 19
4 2
0 1 68
1 2 5
2 3 5
3 4 4
4 1 5
O128 ab.2
5 5
0 15
1 24
2 16
3 24
4 23
0 1 4
1 2 5
2 3 4
3 0 12
4 0 6
O82
5 5
0 67
1 10
2 15
3 19
4 2
0 1 68
1 2 5
2 3 5
3 4 4
4 1 5
O128 ac
5 5
0 15
1 24
2 7
3 24
4 23
0 1 4
1 2 5
2 3 4
3 0 12
4 0 6
O82
5 5
0 67
1 10
2 15
3 19
4 2
0 1 68
1 2 5
2 3 5
3 4 4
4 1 5
O129
5 5
0 10
1 98
2 0
3 0
4 2
0 2 4
1 2 6
2 3 4
3 4 4
4 1 6
O82
15 15
0 67
1 67
2 67
3 10
4 15
5 19
6 2
7 10
8 15
9 19
10 2
11 10
12 15
13 19
14 2
0 3 68
1 7 68
2 11 68
3 4 5
4 5 5
5 6 4
6 7 5
7 8 5
8 9 5
9 10 4
10 11 5
11 12 5
12 13 5
13 14 4
14 3 5
O130
20 20
0 99
1 24
2 99
3 24
4 99
5 24
6 99
7 24
8 7
9 19
10 24
11 7
12 19
13 24
14 7
15 19
16 24
17 7
18 19
19 24
0 1 100
1 8 4
2 3 100
3 11 4
4 5 100
5 14 4
6 7 100
7 17 4
8 9 12
9 10 4
10 11 5
11 12 12
12 13 4
13 14 5
14 15 12
15 16 4
16 17 5
17 18 12
18 19 4
19 8 5
O82
5 5
0 67
1 10
2 15
3 19
4 2
0 1 68
1 2 5
2 3 5
3 4 4
4 1 5
O131
4 4
0 31
1 15
2 15
3 24
0 1 83
1 2 12
2 3 4
3 0 101
O82
25 25
0 67
1 67
2 67
3 67
4 67
5 10
6 15
7 19
8 2
9 10
10 15
11 19
12 2
13 10
14 15
15 19
16 2
17 10
18 15
19 19
20 2
21 10
22 15
23 19
24 2
0 5 68
1 9 68
2 13 68
3 17 68
4 21 68
5 6 5
6 7 5
7 8 4
8 9 5
9 10 5
10 11 5
11 12 4
12 13 5
13 14 5
14 15 5
15 16 4
16 17 5
17 18 5
18 19 5
19 20 4
20 21 5
21 22 5
22 23 5
23 24 4
24 5 5
O132
20 20
0 69
1 26
2 10
3 0
4 2
5 69
6 26
7 10
8 0
9 2
10 69
11 26
12 10
13 0
14 2
15 69
16 26
17 10
18 0
19 2
0 1 4
1 2 5
2 3 6
3 4 4
4 5 6
5 6 4
6 7 5
7 8 6
8 9 4
9 10 6
10 11 4
11 12 5
12 13 6
13 14 4
14 15 6
15 16 4
16 17 5
17 18 6
18 19 4
19 0 6
O82
25 25
0 67
1 67
2 67
3 67
4 67
5 10
6 15
7 19
8 2
9 10
10 15
11 19
12 2
13 10
14 15
15 19
16 2
17 10
18 15
19 19
20 2
21 10
22 15
23 19
24 2
0 5 68
1 9 68
2 13 68
3 17 68
4 21 68
5 6 5
6 7 5
7 8 4
8 9 5
9 10 5
10 11 5
11 12 4
12 13 5
13 14 5
14 15 5
15 16 4
16 17 5
17 18 5
18 19 5
19 20 4
20 21 5
21 22 5
22 23 5
23 24 4
24 5 5
O133
24 24
0 0
1 0
2 0
3 47
4 18
5 0
6 0
7 0
8 47
9 18
10 0
11 0
12 0
13 47
14 18
15 0
16 0
17 0
18 47
19 18
20 10
21 10
22 10
23 10
0 1 6
1 2 6
2 3 5
3 4 4
4 5 4
5 6 6
6 7 6
7 8 5
8 9 4
9 10 4
10 11 6
11 12 6
12 13 5
13 14 4
14 15 4
15 16 6
16 17 6
17 18 5
18 19 4
19 0 4
20 3 4
21 8 4
22 13 4
23 18 4
O82
5 5
0 67
1 10
2 15
3 19
4 2
0 1 68
1 2 5
2 3 5
3 4 4
4 1 5
O134
4 4
0 46
1 15
2 19
3 24
0 1 12
1 2 12
2 3 4
3 0 5
O82
5 5
0 67
1 10
2 15
3 19
4 2
0 1 68
1 2 5
2 3 5
3 4 4
4 1 5
O135
5 5
0 10
1 0
2 0
3 26
4 2
0 4 12
1 2 6
2 3 4
3 4 4
4 1 6
O82
15 15
0 67
1 67
2 67
3 10
4 15
5 19
6 2
7 10
8 15
9 19
10 2
11 10
12 15
13 19
14 2
0 3 68
1 7 68
2 11 68
3 4 5
4 5 5
5 6 4
6 7 5
7 8 5
8 9 5
9 10 4
10 11 5
11 12 5
12 13 5
13 14 4
14 3 5
O136
12 12
0 102
1 15
2 2
3 102
4 15
5 2
6 102
7 15
8 2
9 102
10 15
11 2
0 1 55
1 2 5
2 3 5
3 4 55
4 5 5
5 6 5
6 7 55
7 8 5
8 9 5
9 10 55
10 11 5
11 0 5
O82
15 15
0 67
1 67
2 67
3 10
4 15
5 19
6 2
7 10
8 15
9 19
10 2
11 10
12 15
13 19
14 2
0 3 68
1 7 68
2 11 68
3 4 5
4 5 5
5 6 4
6 7 5
7 8 5
8 9 5
9 10 4
10 11 5
11 12 5
12 13 5
13 14 4
14 3 5
O137
16 16
0 19
1 19
2 19
3 19
4 18
5 29
6 2
7 18
8 29
9 2
10 18
11 29
12 2
13 18
14 29
15 2
0 4 5
1 7 5
2 10 5
3 13 5
4 5 5
5 6 5
6 7 12
7 8 5
8 9 5
9 10 12
10 11 5
11 12 5
12 13 12
13 14 5
14 15 5
15 4 12
O82
5 5
0 67
1 10
2 15
3 19
4 2
0 1 68
1 2 5
2 3 5
3 4 4
4 1 5
O138
4 4
0 0
1 0
2 78
3 2
0 1 4
1 2 5
2 3 4
3 0 6
O82
15 15
0 67
1 67
2 67
3 10
4 15
5 19
6 2
7 10
8 15
9 19
10 2
11 10
12 15
13 19
14 2
0 3 68
1 7 68
2 11 68
3 4 5
4 5 5
5 6 4
6 7 5
7 8 5
8 9 5
9 10 4
10 11 5
11 12 5
12 13 5
13 14 4
14 3 5
O139
14 14
0 19
1 19
2 0
3 47
4 0
5 0
6 0
7 18
8 0
9 47
10 0
11 0
12 0
13 18
0 4 4
1 10 4
2 3 5
3 4 6
4 5 4
5 6 6
6 7 4
7 8 4
8 9 5
9 10 6
10 11 4
11 12 6
12 13 4
13 2 4
O82
5 5
0 67
1 10
2 15
3 19
4 2
0 1 68
1 2 5
2 3 5
3 4 4
4 1 5
O140
6 6
0 69
1 0
2 15
3 10
4 29
5 24
0 1 6
1 2 5
2 3 5
3 4 5
4 5 4
5 2 4
O82
15 15
0 67
1 67
2 67
3 10
4 15
5 19
6 2
7 10
8 15
9 19
10 2
11 10
12 15
13 19
14 2
0 3 68
1 7 68
2 11 68
3 4 5
4 5 5
5 6 4
6 7 5
7 8 5
8 9 5
9 10 4
10 11 5
11 12 5
12 13 5
13 14 4
14 3 5
O141
20 20
0 0
1 0
2 0
3 0
4 21
5 103
6 2
7 21
8 103
9 2
10 21
11 103
12 2
13 21
14 103
15 2
16 29
17 29
18 29
19 29
0 4 4
1 7 4
2 10 4
3 13 4
4 5 4
5 6 4
6 7 5
7 8 4
8 9 4
9 10 5
10 11 4
11 12 4
12 13 5
13 14 4
14 15 4
15 4 5
16 4 6
17 7 6
18 10 6
19 13 6
O82
5 5
0 67
1 10
2 15
3 19
4 2
0 1 68
1 2 5
2 3 5
3 4 4
4 1 5
O142
5 5
0 0
1 16
2 16
3 16
4 2
0 1 12
1 2 5
2 3 4
3 0 6
4 2 4
O82
5 5
0 67
1 10
2 15
3 19
4 2
0 1 68
1 2 5
2 3 5
3 4 4
4 1 5
O143
5 5
0 99
1 59
2 16
3 29
4 2
0 1 104
1 2 4
2 3 5
3 4 4
4 1 6
O82
15 15
0 67
1 67
2 67
3 10
4 15
5 19
6 2
7 10
8 15
9 19
10 2
11 10
12 15
13 19
14 2
0 3 68
1 7 68
2 11 68
3 4 5
4 5 5
5 6 4
6 7 5
7 8 5
8 9 5
9 10 4
10 11 5
11 12 5
12 13 5
13 14 4
14 3 5
O145
12 12
0 31
1 90
2 2
3 31
4 90
5 2
6 31
7 90
8 2
9 31
10 90
11 2
0 1 33
1 2 4
2 3 5
3 4 33
4 5 4
5 6 5
6 7 33
7 8 4
8 9 5
9 10 33
10 11 4
11 0 5
O82
5 5
0 67
1 10
2 15
3 19
4 2
0 1 68
1 2 5
2 3 5
3 4 4
4 1 5
O146
5 5
0 105
1 0
2 0
3 15
4 24
0 1 4
1 2 6
2 3 5
3 4 4
4 1 6
O82
5 5
0 67
1 10
2 15
3 19
4 2
0 1 68
1 2 5
2 3 5
3 4 4
4 1 5
O147
4 4
0 0
1 0
2 59
3 24
0 1 6
1 2 5
2 3 4
3 0 6
O82
5 5
0 67
1 10
2 15
3 19
4 2
0 1 68
1 2 5
2 3 5
3 4 4
4 1 5
O148
4 4
0 0
1 0
2 10
3 18
0 1 4
1 2 6
2 3 4
3 0 4
O82
15 15
0 67
1 67
2 67
3 10
4 15
5 19
6 2
7 10
8 15
9 19
10 2
11 10
12 15
13 19
14 2
0 3 68
1 7 68
2 11 68
3 4 5
4 5 5
5 6 4
6 7 5
7 8 5
8 9 5
9 10 4
10 11 5
11 12 5
12 13 5
13 14 4
14 3 5
O149
12 12
0 87
1 1
2 2
3 87
4 1
5 2
6 87
7 1
8 2
9 87
10 1
11 2
0 1 4
1 2 5
2 3 4
3 4 4
4 5 5
5 6 4
6 7 4
7 8 5
8 9 4
9 10 4
10 11 5
11 0 4
O82
25 25
0 67
1 67
2 67
3 67
4 67
5 10
6 15
7 19
8 2
9 10
10 15
11 19
12 2
13 10
14 15
15 19
16 2
17 10
18 15
19 19
20 2
21 10
22 15
23 19
24 2
0 5 68
1 9 68
2 13 68
3 17 68
4 21 68
5 6 5
6 7 5
7 8 4
8 9 5
9 10 5
10 11 5
11 12 4
12 13 5
13 14 5
14 15 5
15 16 4
16 17 5
17 18 5
18 19 5
19 20 4
20 21 5
21 22 5
22 23 5
23 24 4
24 5 5
O150
24 24
0 19
1 19
2 19
3 19
4 106
5 0
6 0
7 0
8 2
9 106
10 0
11 0
12 0
13 2
14 106
15 0
16 0
17 0
18 2
19 106
20 0
21 0
22 0
23 2
0 7 6
1 12 6
2 17 6
3 22 6
4 5 6
5 6 6
6 7 4
7 8 4
8 9 4
9 10 6
10 11 6
11 12 4
12 13 4
13 14 4
14 15 6
15 16 6
16 17 4
17 18 4
18 19 4
19 20 6
20 21 6
21 22 4
22 23 4
23 4 4
O82
5 5
0 67
1 10
2 15
3 19
4 2
0 1 68
1 2 5
2 3 5
3 4 4
4 1 5
O151
5 5
0 2
1 89
2 7
3 90
4 2
0 4 5
1 2 91
2 3 4
3 4 4
4 1 6
O82
5 5
0 67
1 10
2 15
3 19
4 2
0 1 68
1 2 5
2 3 5
3 4 4
4 1 5
O152
5 5
0 1
1 18
2 10
3 19
4 2
0 1 5
1 2 107
2 3 6
3 4 4
4 1 4
O82
25 25
0 67
1 67
2 67
3 67
4 67
5 10
6 15
7 19
8 2
9 10
10 15
11 19
12 2
13 10
14 15
15 19
16 2
17 10
18 15
19 19
20 2
21 10
22 15
23 19
24 2
0 5 68
1 9 68
2 13 68
3 17 68
4 21 68
5 6 5
6 7 5
7 8 4
8 9 5
9 10 5
10 11 5
11 12 4
12 13 5
13 14 5
14 15 5
15 16 4
16 17 5
17 18 5
18 19 5
19 20 4
20 21 5
21 22 5
22 23 5
23 24 4
24 5 5
O153
20 20
0 14
1 15
2 18
3 15
4 18
5 14
6 15
7 18
8 15
9 18
10 14
11 15
12 18
13 15
14 18
15 14
16 15
17 18
18 15
19 18
0 1 5
1 2 5
2 3 5
3 4 4
4 5 6
5 6 5
6 7 5
7 8 5
8 9 4
9 10 6
10 11 5
11 12 5
12 13 5
13 14 4
14 15 6
15 16 5
16 17 5
17 18 5
18 19 4
19 0 6
O82
5 5
0 67
1 10
2 15
3 19
4 2
0 1 68
1 2 5
2 3 5
3 4 4
4 1 5
O154
5 5
0 57
1 0
2 0
3 0
4 16
0 1 4
1 2 4
2 3 4
3 4 4
4 1 6
O82
15 15
0 67
1 67
2 67
3 10
4 15
5 19
6 2
7 10
8 15
9 19
10 2
11 10
12 15
13 19
14 2
0 3 68
1 7 68
2 11 68
3 4 5
4 5 5
5 6 4
6 7 5
7 8 5
8 9 5
9 10 4
10 11 5
11 12 5
12 13 5
13 14 4
14 3 5
O155
20 20
0 59
1 59
2 59
3 59
4 7
5 15
6 24
7 7
8 15
9 24
10 7
11 15
12 24
13 7
14 15
15 24
16 7
17 7
18 7
19 7
0 4 5
1 7 5
2 10 5
3 13 5
4 5 4
5 6 4
6 7 4
7 8 4
8 9 4
9 10 4
10 11 4
11 12 4
12 13 4
13 14 4
14 15 4
15 4 4
16 5 12
17 8 12
18 11 12
19 14 12
O82
5 5
0 67
1 10
2 15
3 19
4 2
0 1 68
1 2 5
2 3 5
3 4 4
4 1 5
O156
5 5
0 23
1 7
2 23
3 2
4 108
0 1 12
1 2 4
2 3 4
3 0 5
4 0 4
O82
5 5
0 67
1 10
2 15
3 19
4 2
0 1 68
1 2 5
2 3 5
3 4 4
4 1 5
O157
4 4
0 109
1 23
2 19
3 16
0 1 4
1 2 5
2 3 4
3 0 6
O82
15 15
0 67
1 67
2 67
3 10
4 15
5 19
6 2
7 10
8 15
9 19
10 2
11 10
12 15
13 19
14 2
0 3 68
1 7 68
2 11 68
3 4 5
4 5 5
5 6 4
6 7 5
7 8 5
8 9 5
9 10 4
10 11 5
11 12 5
12 13 5
13 14 4
14 3 5
O158 ab
20 20
0 10
1 10
2 10
3 10
4 10
5 16
6 24
7 10
8 16
9 24
10 10
11 16
12 24
13 10
14 16
15 24
16 0
17 0
18 0
19 0
0 4 12
1 7 12
2 10 12
3 13 12
4 5 4
5 6 4
6 7 5
7 8 4
8 9 4
9 10 5
10 11 4
11 12 4
12 13 5
13 14 4
14 15 4
15 4 5
16 4 4
17 7 4
18 10 4
19 13 4
