188
O1 A
5 5
0 0
1 0
2 1
3 2
4 3
0 1 4
1 2 4
2 3 5
3 0 4
4 0 6
O1 A1
5 5
0 0
1 0
2 1
3 2
4 3
0 1 4
1 2 4
2 3 5
3 0 4
4 0 6
O1 B
5 5
0 0
1 0
2 7
3 2
4 3
0 1 6
1 2 6
2 3 4
3 0 4
4 0 6
O1 C
5 5
0 0
1 0
2 7
3 2
4 3
0 1 6
1 2 4
2 3 4
3 0 4
4 0 6
O2
5 5
0 0
1 0
2 1
3 2
4 8
0 1 6
1 2 4
2 3 5
3 0 4
4 0 6
O3
5 5
0 9
1 10
2 2
3 7
4 2
0 2 5
1 3 5
2 3 4
3 4 4
4 2 4
O4
4 4
0 0
1 10
2 11
3 2
0 1 12
1 2 4
2 3 4
3 0 6
O4.2
5 5
0 10
1 0
2 10
3 11
4 2
0 1 4
1 2 12
2 3 4
3 4 4
4 1 6
O5 ab
4 4
0 13
1 14
2 15
3 16
0 1 4
1 2 5
2 3 4
3 0 5
O5 ac
4 4
0 13
1 14
2 15
3 16
0 1 4
1 2 5
2 3 4
3 0 6
O6
5 5
0 16
1 17
2 17
3 18
4 19
0 1 4
1 2 5
2 3 4
3 0 5
4 1 6
O6.2
5 5
0 16
1 17
2 17
3 18
4 2
0 1 4
1 2 5
2 3 4
3 0 5
4 1 6
O6.3
5 5
0 16
1 17
2 17
3 18
4 19
0 1 4
1 2 5
2 3 4
3 0 5
4 1 6
O7
5 5
0 0
1 20
2 21
3 15
4 18
0 2 4
1 2 6
2 3 5
3 4 4
4 1 4
O8
3 3
0 17
1 21
2 21
0 1 6
1 2 6
2 0 4
O9
5 5
0 21
1 21
2 21
3 21
4 21
0 1 4
1 2 6
2 3 6
3 4 6
4 0 4
O9 a
4 4
0 21
1 21
2 21
3 21
0 1 4
1 2 6
2 3 6
3 0 4
O10
5 5
0 0
1 0
2 7
3 2
4 22
0 1 4
1 2 4
2 3 4
3 0 4
4 1 6
O11
5 5
0 16
1 21
2 23
3 24
4 23
0 1 12
1 2 4
2 3 4
3 0 5
4 0 4
O12
4 4
0 19
1 18
2 11
3 2
0 1 12
1 2 4
2 3 4
3 0 6
O13
5 5
0 10
1 0
2 0
3 0
4 2
0 3 6
1 2 6
2 3 4
3 4 4
4 1 6
O15
3 3
0 15
1 11
2 2
0 1 4
1 2 4
2 0 6
O16
5 5
0 10
1 25
2 10
3 26
4 18
0 4 12
1 2 12
2 3 4
3 4 4
4 1 6
O16.2
4 4
0 25
1 10
2 0
3 18
0 1 12
1 2 4
2 3 4
3 0 6
O16.3
4 4
0 25
1 10
2 26
3 18
0 1 12
1 2 4
2 3 4
3 0 6
O17
5 5
0 10
1 21
2 21
3 17
4 18
0 4 12
1 2 6
2 3 6
3 4 4
4 1 12
O18 A
5 5
0 0
1 10
2 7
3 18
4 2
0 1 12
1 2 5
2 3 4
3 0 6
4 2 4
O18 A1
6 6
0 10
1 0
2 10
3 7
4 18
5 2
0 4 12
1 2 12
2 3 5
3 4 4
4 1 6
5 3 4
O18 A1A2
6 6
0 27
1 10
2 0
3 10
4 7
5 18
0 4 4
1 5 12
2 3 12
3 4 5
4 5 4
5 2 6
O18 ab
5 5
0 0
1 10
2 7
3 18
4 19
0 1 12
1 2 5
2 3 4
3 0 4
4 2 4
O18 ac
5 5
0 0
1 10
2 7
3 18
4 2
0 1 12
1 2 5
2 3 4
3 0 6
4 2 4
O18 B
5 5
0 0
1 10
2 7
3 18
4 19
0 1 12
1 2 5
2 3 4
3 0 4
4 2 4
O18 B1
6 6
0 10
1 0
2 10
3 7
4 18
5 19
0 4 5
1 2 12
2 3 5
3 4 4
4 1 4
5 3 4
O19 ab
5 5
0 0
1 0
2 0
3 10
4 28
0 1 6
1 2 6
2 3 6
3 4 4
4 0 6
O20 ab
2 2
0 14
1 7
0 1 5
1 0 6
O20 ac
3 3
0 7
1 14
2 7
0 2 4
1 2 5
2 1 6
O21
5 5
0 15
1 15
2 19
3 24
4 2
0 1 5
1 2 5
2 3 4
3 1 4
4 2 6
O22
5 5
0 10
1 29
2 30
3 7
4 24
0 1 5
1 2 5
2 3 4
3 4 4
4 0 12
O23 A
6 6
0 10
1 10
2 15
3 16
4 2
5 2
0 4 12
1 2 5
2 3 4
3 4 4
4 1 12
5 2 4
O24
4 4
0 31
1 19
2 24
3 10
0 1 33
1 2 4
2 0 32
3 1 6
O25
5 5
0 19
1 10
2 11
3 2
4 0
0 1 12
1 2 4
2 3 4
3 1 5
4 1 4
O26
3 3
0 0
1 11
2 2
0 1 5
1 2 4
2 0 4
O27
6 6
0 19
1 19
2 7
3 19
4 24
5 34
0 2 6
1 4 12
2 3 12
3 4 4
4 2 5
5 2 4
O28 ab
4 4
0 19
1 35
2 2
3 18
0 1 4
1 2 36
2 3 4
3 0 4
O28 ac
4 4
0 35
1 2
2 37
3 18
0 1 36
1 2 4
2 3 4
3 0 6
O29
6 6
0 10
1 7
2 35
3 19
4 11
5 2
0 1 12
1 4 4
2 3 38
3 4 5
4 5 4
5 2 4
O30
4 4
0 2
1 19
2 29
3 18
0 2 6
1 2 5
2 3 4
3 1 5
O32
5 5
0 7
1 29
2 15
3 39
4 2
0 1 5
1 2 12
2 3 5
3 4 5
4 0 12
O35
6 6
0 0
1 0
2 0
3 0
4 2
5 40
0 1 6
1 2 4
2 3 6
3 4 4
4 0 4
5 0 6
O36
5 5
0 0
1 23
2 21
3 23
4 2
0 1 6
1 2 4
2 3 4
3 4 4
4 2 5
O37
5 5
0 24
1 7
2 15
3 24
4 35
0 1 4
1 2 5
2 3 4
3 0 5
4 0 41
O38
5 5
0 18
1 2
2 24
3 29
4 24
0 2 5
1 2 4
2 3 5
3 4 4
4 1 12
O39
5 5
0 7
1 42
2 21
3 0
4 18
0 2 4
1 2 6
2 3 5
3 4 4
4 1 4
O40
4 4
0 15
1 17
2 7
3 2
0 1 5
1 2 5
2 3 4
3 0 6
O41
6 6
0 19
1 7
2 23
3 2
4 23
5 2
0 2 5
1 2 4
2 3 5
3 4 4
4 5 4
5 1 4
O42
5 5
0 35
1 2
2 37
3 18
4 10
0 1 36
1 2 4
2 3 4
3 0 6
4 1 4
O43
5 5
0 23
1 43
2 21
3 23
4 24
0 1 4
1 2 4
2 3 4
3 4 4
4 1 5
O44
5 5
0 10
1 21
2 21
3 17
4 18
0 3 5
1 2 6
2 3 6
3 4 4
4 1 12
O45
3 3
0 19
1 44
2 45
0 1 4
1 2 4
2 0 6
O45 rel
3 3
0 19
1 44
2 2
0 1 4
1 2 4
2 0 6
O46
4 4
0 46
1 15
2 19
3 24
0 1 12
1 2 12
2 3 4
3 0 5
O48
5 5
0 24
1 7
2 0
3 2
4 47
0 1 4
1 2 5
2 3 4
3 0 5
4 0 4
O49
4 4
0 48
1 24
2 0
3 49
0 1 5
1 2 5
2 3 4
3 0 6
O52
2 2
0 50
1 51
0 1 4
1 0 4
O53
5 5
0 10
1 0
2 29
3 1
4 2
0 1 6
1 2 5
2 3 4
3 4 5
4 1 4
O55
5 5
0 2
1 7
2 24
3 52
4 15
0 1 4
1 2 4
2 0 12
3 4 6
4 0 4
O56
4 4
0 31
1 19
2 2
3 7
0 1 33
1 2 4
2 0 32
3 1 6
O58
4 4
0 17
1 21
2 2
3 53
0 1 5
1 2 4
2 0 5
3 0 4
O59
5 5
0 47
1 21
2 21
3 17
4 18
0 1 4
1 2 4
2 3 4
3 4 4
4 1 12
O61
3 3
0 54
1 19
2 16
0 1 55
1 2 4
2 0 5
O62
5 5
0 10
1 25
2 25
3 25
4 10
0 1 6
1 2 56
2 3 4
3 1 56
4 2 6
O64
5 5
0 15
1 57
2 29
3 15
4 2
0 3 12
1 2 4
2 3 4
3 4 4
4 1 4
O65
5 5
0 13
1 58
2 16
3 59
4 18
0 1 5
1 2 5
2 3 5
3 4 4
4 0 6
O66
5 5
0 60
1 61
2 18
3 17
4 18
0 1 4
1 2 4
2 3 6
3 4 4
4 0 6
O68
7 7
0 0
1 21
2 21
3 21
4 17
5 18
6 10
0 1 4
1 2 6
2 3 6
3 4 6
4 5 4
5 1 12
6 2 4
O69
5 5
0 62
1 0
2 0
3 7
4 18
0 1 6
1 2 6
2 3 6
3 4 4
4 0 4
O70
5 5
0 13
1 63
2 15
3 16
4 10
0 1 4
1 2 4
2 3 4
3 0 5
4 3 5
O71
4 4
0 64
1 0
2 15
3 16
0 1 4
1 2 5
2 3 4
3 0 5
O73
6 6
0 10
1 21
2 21
3 17
4 18
5 10
0 2 5
1 2 6
2 3 6
3 4 4
4 1 12
5 3 4
O73 ab
5 5
0 10
1 21
2 21
3 17
4 16
0 3 4
1 2 6
2 3 6
3 4 4
4 1 5
O74
4 4
0 18
1 59
2 2
3 65
0 1 5
1 2 4
2 0 12
3 0 4
O75
4 4
0 17
1 7
2 0
3 2
0 1 5
1 2 5
2 3 4
3 1 4
O76
4 4
0 29
1 30
2 16
3 24
0 1 5
1 2 5
2 3 4
3 0 5
O77
4 4
0 21
1 21
2 17
3 18
0 1 6
1 2 6
2 3 4
3 0 12
O78
4 4
0 2
1 17
2 21
3 2
0 1 5
1 2 5
2 3 4
3 0 5
O79
6 6
0 0
1 15
2 66
3 17
4 29
5 18
0 2 4
1 2 5
2 3 4
3 4 5
4 5 4
5 1 6
O82
5 5
0 67
1 10
2 15
3 19
4 2
0 1 68
1 2 5
2 3 5
3 4 4
4 1 5
O83
5 5
0 10
1 29
2 15
3 15
4 2
0 1 5
1 2 12
2 3 5
3 4 5
4 0 12
O85
5 5
0 69
1 7
2 3
3 25
4 2
0 1 5
1 2 4
2 3 12
3 4 4
4 1 6
O86
5 5
0 7
1 23
2 15
3 16
4 24
0 2 4
1 2 6
2 3 4
3 4 4
4 1 5
O86.2
5 5
0 7
1 15
2 16
3 16
4 23
0 1 4
1 2 4
2 3 4
3 0 6
4 1 6
O86.3
5 5
0 7
1 23
2 15
3 16
4 24
0 2 4
1 2 6
2 3 4
3 4 4
4 1 5
O87
4 4
0 25
1 7
2 70
3 24
0 1 5
1 2 4
2 3 4
3 0 4
O88
4 4
0 21
1 21
2 2
3 61
0 1 4
1 2 4
2 0 5
3 0 4
O90
4 4
0 71
1 15
2 16
3 24
0 1 6
1 2 4
2 3 4
3 0 5
O91
5 5
0 72
1 15
2 2
3 73
4 2
0 1 5
1 2 5
2 3 5
3 4 4
4 0 5
O96
5 5
0 74
1 2
2 25
3 2
4 25
0 1 5
1 2 56
2 3 4
3 0 6
4 0 5
O97
4 4
0 75
1 0
2 1
3 75
0 1 76
1 2 4
2 1 4
3 2 76
O98
4 4
0 77
1 78
2 77
3 2
0 1 5
1 2 4
2 3 4
3 0 4
O99
6 6
0 10
1 10
2 79
3 79
4 79
5 79
0 2 6
1 5 6
2 3 6
3 4 6
4 5 4
5 2 4
O100
5 5
0 0
1 0
2 7
3 2
4 35
0 1 4
1 2 4
2 3 4
3 0 6
4 0 38
O101
2 2
0 18
1 16
0 1 5
1 0 12
O102
5 5
0 0
1 24
2 7
3 19
4 24
0 1 5
1 2 4
2 3 12
3 4 4
4 2 5
O103
5 5
0 19
1 80
2 18
3 16
4 2
0 1 6
1 2 12
2 3 5
3 4 4
4 0 6
O104
4 4
0 7
1 81
2 15
3 24
0 1 5
1 2 33
2 3 4
3 0 5
O105
6 6
0 14
1 74
2 0
3 1
4 0
5 2
0 1 5
1 2 6
2 3 4
3 4 5
4 5 4
5 2 4
O107
5 5
0 24
1 0
2 18
3 15
4 16
0 1 4
1 2 5
2 3 5
3 4 4
4 0 5
O108
4 4
0 82
1 7
2 11
3 18
0 1 83
1 2 4
2 3 4
3 0 5
O109
4 4
0 84
1 10
2 44
3 2
0 1 4
1 2 4
2 3 4
3 1 5
O110
4 4
0 85
1 7
2 7
3 2
0 1 5
1 2 4
2 3 4
3 0 5
O111
5 5
0 52
1 10
2 7
3 2
4 52
0 1 12
1 2 5
2 3 4
3 1 5
4 1 4
O112 ab
5 5
0 2
1 16
2 10
3 86
4 24
0 1 4
1 2 5
2 3 5
3 4 4
4 1 5
O112 ac
5 5
0 87
1 16
2 10
3 15
4 24
0 1 4
1 2 5
2 3 5
3 4 4
4 1 5
O113
5 5
0 16
1 47
2 7
3 2
4 15
0 1 5
1 2 4
2 3 4
3 0 5
4 0 4
O114
4 4
0 88
1 14
2 15
3 18
0 1 4
1 2 5
2 3 4
3 0 5
O115
5 5
0 1
1 2
2 47
3 21
4 2
0 1 5
1 2 5
2 3 4
3 4 4
4 1 4
O116
5 5
0 20
1 18
2 16
3 47
4 2
0 1 12
1 2 5
2 3 5
3 4 4
4 0 6
O117
5 5
0 24
1 0
2 10
3 15
4 16
0 1 4
1 2 5
2 3 5
3 4 4
4 0 5
O118
4 4
0 89
1 7
2 90
3 2
0 1 91
1 2 4
2 3 4
3 0 4
O119
5 5
0 92
1 17
2 7
3 0
4 18
0 1 4
1 2 4
2 3 5
3 4 4
4 1 6
O120
6 6
0 0
1 10
2 0
3 0
4 7
5 24
0 1 5
1 2 6
2 3 6
3 4 6
4 5 4
5 1 4
O121
4 4
0 93
1 94
2 78
3 18
0 1 5
1 2 5
2 3 4
3 0 4
O123
4 4
0 95
1 18
2 77
3 18
0 1 12
1 2 4
2 3 4
3 0 4
O124
5 5
0 96
1 10
2 15
3 25
4 24
0 1 12
1 2 5
2 3 12
3 4 4
4 2 4
O125 ab
6 6
0 10
1 24
2 21
3 23
4 16
5 15
0 2 4
1 2 6
2 3 4
3 4 4
4 1 5
5 1 4
O126
5 5
0 17
1 15
2 18
3 2
4 23
0 1 4
1 2 4
2 3 4
3 0 6
4 1 6
O126.2
4 4
0 17
1 7
2 2
3 97
0 1 4
1 2 4
2 0 6
3 1 6
O127
4 4
0 23
1 15
2 16
3 16
0 1 6
1 2 4
2 3 4
3 0 6
O128 ab
5 5
0 15
1 24
2 7
3 24
4 23
0 1 4
1 2 5
2 3 4
3 0 12
4 0 6
O128 ab.2
5 5
0 15
1 24
2 16
3 24
4 23
0 1 4
1 2 5
2 3 4
3 0 12
4 0 6
O128 ac
5 5
0 15
1 24
2 7
3 24
4 23
0 1 4
1 2 5
2 3 4
3 0 12
4 0 6
O129
5 5
0 10
1 98
2 0
3 0
4 2
0 2 4
1 2 6
2 3 4
3 4 4
4 1 6
O130
5 5
0 99
1 24
2 7
3 19
4 24
0 1 100
1 2 4
2 3 12
3 4 4
4 2 5
O131
4 4
0 31
1 15
2 15
3 24
0 1 83
1 2 12
2 3 4
3 0 101
O132
5 5
0 69
1 26
2 10
3 0
4 2
0 1 4
1 2 5
2 3 6
3 4 4
4 0 6
O133
6 6
0 0
1 0
2 0
3 47
4 18
5 10
0 1 6
1 2 6
2 3 5
3 4 4
4 0 4
5 3 4
O134
4 4
0 46
1 15
2 19
3 24
0 1 12
1 2 12
2 3 4
3 0 5
O135
5 5
0 10
1 0
2 0
3 26
4 2
0 4 12
1 2 6
2 3 4
3 4 4
4 1 6
O136
3 3
0 102
1 15
2 2
0 1 55
1 2 5
2 0 5
O137
4 4
0 19
1 18
2 29
3 2
0 1 5
1 2 5
2 3 5
3 1 12
O138
4 4
0 0
1 0
2 78
3 2
0 1 4
1 2 5
2 3 4
3 0 6
O139
7 7
0 19
1 0
2 47
3 0
4 0
5 0
6 18
0 3 4
1 2 5
2 3 6
3 4 4
4 5 6
5 6 4
6 1 4
O140
6 6
0 69
1 0
2 15
3 10
4 29
5 24
0 1 6
1 2 5
2 3 5
3 4 5
4 5 4
5 2 4
O141
5 5
0 0
1 21
2 103
3 2
4 29
0 1 4
1 2 4
2 3 4
3 1 5
4 1 6
O142
5 5
0 0
1 16
2 16
3 16
4 2
0 1 12
1 2 5
2 3 4
3 0 6
4 2 4
O143
5 5
0 99
1 59
2 16
3 29
4 2
0 1 104
1 2 4
2 3 5
3 4 4
4 1 6
O145
3 3
0 31
1 90
2 2
0 1 33
1 2 4
2 0 5
O146
5 5
0 105
1 0
2 0
3 15
4 24
0 1 4
1 2 6
2 3 5
3 4 4
4 1 6
O147
4 4
0 0
1 0
2 59
3 24
0 1 6
1 2 5
2 3 4
3 0 6
O148
4 4
0 0
1 0
2 10
3 18
0 1 4
1 2 6
2 3 4
3 0 4
O149
3 3
0 87
1 1
2 2
0 1 4
1 2 5
2 0 4
O150
6 6
0 19
1 106
2 0
3 0
4 0
5 2
0 4 6
1 2 6
2 3 6
3 4 4
4 5 4
5 1 4
O151
5 5
0 2
1 89
2 7
3 90
4 2
0 4 5
1 2 91
2 3 4
3 4 4
4 1 6
O152
5 5
0 1
1 18
2 10
3 19
4 2
0 1 5
1 2 107
2 3 6
3 4 4
4 1 4
O153
5 5
0 14
1 15
2 18
3 15
4 18
0 1 5
1 2 5
2 3 5
3 4 4
4 0 6
O154
5 5
0 57
1 0
2 0
3 0
4 16
0 1 4
1 2 4
2 3 4
3 4 4
4 1 6
O155
5 5
0 59
1 7
2 15
3 24
4 7
0 1 5
1 2 4
2 3 4
3 1 4
4 2 12
O156
5 5
0 23
1 7
2 23
3 2
4 108
0 1 12
1 2 4
2 3 4
3 0 5
4 0 4
O157
4 4
0 109
1 23
2 19
3 16
0 1 4
1 2 5
2 3 4
3 0 6
O158 ab
5 5
0 10
1 10
2 16
3 24
4 0
0 1 12
1 2 4
2 3 4
3 1 5
4 1 4
O158 ac
5 5
0 0
1 3
2 47
3 2
4 19
0 1 4
1 2 5
2 3 4
3 1 5
4 1 12
O159
5 5
0 23
1 2
2 47
3 23
4 2
0 1 5
1 2 5
2 3 4
3 4 4
4 1 4
O160
5 5
0 19
1 2
2 7
3 15
4 24
0 1 12
1 2 4
2 3 107
3 4 4
4 1 5
O161
3 3
0 110
1 29
2 2
0 1 55
1 2 4
2 0 101
O163
4 4
0 17
1 29
2 77
3 18
0 1 5
1 2 4
2 3 4
3 0 6
O164
5 5
0 19
1 10
2 15
3 25
4 24
0 1 12
1 2 5
2 3 12
3 4 4
4 2 4
O165
4 4
0 111
1 15
2 19
3 18
0 1 83
1 2 5
2 3 4
3 0 101
O166
5 5
0 7
1 7
2 16
3 24
4 19
0 1 12
1 2 5
2 3 4
3 0 4
4 2 4
O167
6 6
0 69
1 112
2 18
3 25
4 25
5 2
0 1 5
1 2 4
2 3 6
3 4 56
4 5 4
5 1 6
O168
5 5
0 23
1 18
2 74
3 23
4 2
0 1 4
1 2 5
2 3 4
3 4 4
4 1 5
O169
6 6
0 19
1 7
2 21
3 21
4 24
5 29
0 1 12
1 2 12
2 3 6
3 4 4
4 1 4
5 1 5
O170
5 5
0 2
1 29
2 25
3 2
4 25
0 1 5
1 2 4
2 3 4
3 0 5
4 0 4
O171
5 5
0 81
1 15
2 19
3 15
4 24
0 1 83
1 2 12
2 3 4
3 4 4
4 0 5
O172
5 5
0 11
1 113
2 10
3 11
4 18
0 1 5
1 2 114
2 3 4
3 4 4
4 0 4
O173
5 5
0 23
1 10
2 10
3 19
4 2
0 1 5
1 2 107
2 3 6
3 4 4
4 1 4
O174 ab
4 4
0 2
1 29
2 15
3 24
0 1 6
1 2 4
2 3 4
3 1 5
O174 ac
4 4
0 2
1 29
2 15
3 2
0 1 6
1 2 4
2 3 4
3 1 5
O175
5 5
0 10
1 74
2 21
3 21
4 24
0 1 5
1 2 4
2 3 6
3 4 4
4 0 6
O176
4 4
0 21
1 21
2 17
3 16
0 1 6
1 2 6
2 3 4
3 0 5
O177
4 4
0 0
1 11
2 11
3 2
0 1 4
1 2 4
2 3 4
3 0 6
O178
5 5
0 18
1 47
2 14
3 15
4 24
0 1 5
1 2 6
2 3 5
3 4 4
4 0 5
O180
4 4
0 115
1 0
2 1
3 18
0 1 6
1 2 4
2 3 5
3 0 5
O181
5 5
0 77
1 116
2 10
3 77
4 2
0 1 4
1 2 12
2 3 114
3 4 4
4 1 5
O182
4 4
0 2
1 29
2 2
3 117
0 1 5
1 2 4
2 0 5
3 0 4
O183
6 6
0 14
1 29
2 15
3 21
4 21
5 24
0 1 5
1 2 5
2 3 12
3 4 6
4 5 4
5 2 4
O184
4 4
0 118
1 103
2 23
3 16
0 1 4
1 2 4
2 3 4
3 0 6
O185
5 5
0 24
1 29
2 14
3 15
4 16
0 1 6
1 2 4
2 3 5
3 4 4
4 0 5
O186
4 4
0 95
1 10
2 77
3 28
0 1 12
1 2 4
2 3 4
3 0 4
