200
O37
15 15
0 24
1 7
2 15
3 24
4 24
5 7
6 15
7 24
8 24
9 7
10 15
11 24
12 35
13 35
14 35
0 1 4
1 2 5
2 3 4
3 4 5
4 5 4
5 6 5
6 7 4
7 8 5
8 9 4
9 10 5
10 11 4
11 0 5
12 0 41
13 4 41
14 8 41
O174 ac
16 16
0 2
1 2
2 2
3 2
4 29
5 15
6 2
7 29
8 15
9 2
10 29
11 15
12 2
13 29
14 15
15 2
0 4 6
1 7 6
2 10 6
3 13 6
4 5 4
5 6 4
6 7 5
7 8 4
8 9 4
9 10 5
10 11 4
11 12 4
12 13 5
13 14 4
14 15 4
15 4 5
O37
25 25
0 24
1 7
2 15
3 24
4 24
5 7
6 15
7 24
8 24
9 7
10 15
11 24
12 24
13 7
14 15
15 24
16 24
17 7
18 15
19 24
20 35
21 35
22 35
23 35
24 35
0 1 4
1 2 5
2 3 4
3 4 5
4 5 4
5 6 5
6 7 4
7 8 5
8 9 4
9 10 5
10 11 4
11 12 5
12 13 4
13 14 5
14 15 4
15 16 5
16 17 4
17 18 5
18 19 4
19 0 5
20 0 41
21 4 41
22 8 41
23 12 41
24 16 41
O175
20 20
0 10
1 74
2 21
3 21
4 24
5 10
6 74
7 21
8 21
9 24
10 10
11 74
12 21
13 21
14 24
15 10
16 74
17 21
18 21
19 24
0 1 5
1 2 4
2 3 6
3 4 4
4 5 6
5 6 5
6 7 4
7 8 6
8 9 4
9 10 6
10 11 5
11 12 4
12 13 6
13 14 4
14 15 6
15 16 5
16 17 4
17 18 6
18 19 4
19 0 6
O37
5 5
0 24
1 7
2 15
3 24
4 35
0 1 4
1 2 5
2 3 4
3 0 5
4 0 41
O176
4 4
0 21
1 21
2 17
3 16
0 1 6
1 2 6
2 3 4
3 0 5
O37
5 5
0 24
1 7
2 15
3 24
4 35
0 1 4
1 2 5
2 3 4
3 0 5
4 0 41
O177
4 4
0 0
1 11
2 11
3 2
0 1 4
1 2 4
2 3 4
3 0 6
O37
25 25
0 24
1 7
2 15
3 24
4 24
5 7
6 15
7 24
8 24
9 7
10 15
11 24
12 24
13 7
14 15
15 24
16 24
17 7
18 15
19 24
20 35
21 35
22 35
23 35
24 35
0 1 4
1 2 5
2 3 4
3 4 5
4 5 4
5 6 5
6 7 4
7 8 5
8 9 4
9 10 5
10 11 4
11 12 5
12 13 4
13 14 5
14 15 4
15 16 5
16 17 4
17 18 5
18 19 4
19 0 5
20 0 41
21 4 41
22 8 41
23 12 41
24 16 41
O178
20 20
0 18
1 47
2 14
3 15
4 24
5 18
6 47
7 14
8 15
9 24
10 18
11 47
12 14
13 15
14 24
15 18
16 47
17 14
18 15
19 24
0 1 5
1 2 6
2 3 5
3 4 4
4 5 5
5 6 5
6 7 6
7 8 5
8 9 4
9 10 5
10 11 5
11 12 6
12 13 5
13 14 4
14 15 5
15 16 5
16 17 6
17 18 5
18 19 4
19 0 5
O37
5 5
0 24
1 7
2 15
3 24
4 35
0 1 4
1 2 5
2 3 4
3 0 5
4 0 41
O180
4 4
0 115
1 0
2 1
3 18
0 1 6
1 2 4
2 3 5
3 0 5
O37
5 5
0 24
1 7
2 15
3 24
4 35
0 1 4
1 2 5
2 3 4
3 0 5
4 0 41
O181
5 5
0 77
1 116
2 10
3 77
4 2
0 1 4
1 2 12
2 3 114
3 4 4
4 1 5
O37
15 15
0 24
1 7
2 15
3 24
4 24
5 7
6 15
7 24
8 24
9 7
10 15
11 24
12 35
13 35
14 35
0 1 4
1 2 5
2 3 4
3 4 5
4 5 4
5 6 5
6 7 4
7 8 5
8 9 4
9 10 5
10 11 4
11 0 5
12 0 41
13 4 41
14 8 41
O182
16 16
0 2
1 29
2 2
3 2
4 29
5 2
6 2
7 29
8 2
9 2
10 29
11 2
12 117
13 117
14 117
15 117
0 1 5
1 2 4
2 3 5
3 4 5
4 5 4
5 6 5
6 7 5
7 8 4
8 9 5
9 10 5
10 11 4
11 0 5
12 0 4
13 3 4
14 6 4
15 9 4
O37
5 5
0 24
1 7
2 15
3 24
4 35
0 1 4
1 2 5
2 3 4
3 0 5
4 0 41
O183
6 6
0 14
1 29
2 15
3 21
4 21
5 24
0 1 5
1 2 5
2 3 12
3 4 6
4 5 4
5 2 4
O37
5 5
0 24
1 7
2 15
3 24
4 35
0 1 4
1 2 5
2 3 4
3 0 5
4 0 41
O184
4 4
0 118
1 103
2 23
3 16
0 1 4
1 2 4
2 3 4
3 0 6
O37
25 25
0 24
1 7
2 15
3 24
4 24
5 7
6 15
7 24
8 24
9 7
10 15
11 24
12 24
13 7
14 15
15 24
16 24
17 7
18 15
19 24
20 35
21 35
22 35
23 35
24 35
0 1 4
1 2 5
2 3 4
3 4 5
4 5 4
5 6 5
6 7 4
7 8 5
8 9 4
9 10 5
10 11 4
11 12 5
12 13 4
13 14 5
14 15 4
15 16 5
16 17 4
17 18 5
18 19 4
19 0 5
20 0 41
21 4 41
22 8 41
23 12 41
24 16 41
O185
20 20
0 24
1 29
2 14
3 15
4 16
5 24
6 29
7 14
8 15
9 16
10 24
11 29
12 14
13 15
14 16
15 24
16 29
17 14
18 15
19 16
0 1 6
1 2 4
2 3 5
3 4 4
4 5 5
5 6 6
6 7 4
7 8 5
8 9 4
9 10 5
10 11 6
11 12 4
12 13 5
13 14 4
14 15 5
15 16 6
16 17 4
17 18 5
18 19 4
19 0 5
O37
5 5
0 24
1 7
2 15
3 24
4 35
0 1 4
1 2 5
2 3 4
3 0 5
4 0 41
O186
4 4
0 95
1 10
2 77
3 28
0 1 12
1 2 4
2 3 4
3 0 4
O37
15 15
0 24
1 7
2 15
3 24
4 24
5 7
6 15
7 24
8 24
9 7
10 15
11 24
12 35
13 35
14 35
0 1 4
1 2 5
2 3 4
3 4 5
4 5 4
5 6 5
6 7 4
7 8 5
8 9 4
9 10 5
10 11 4
11 0 5
12 0 41
13 4 41
14 8 41
O187
12 12
0 65
1 18
2 29
3 21
4 21
5 2
6 65
7 18
8 29
9 21
10 21
11 2
0 1 4
1 2 5
2 3 4
3 4 6
4 5 4
5 6 6
6 7 4
7 8 5
8 9 4
9 10 6
10 11 4
11 0 6
O38
5 5
0 18
1 2
2 24
3 29
4 24
0 2 5
1 2 4
2 3 5
3 4 4
4 1 12
O39
5 5
0 7
1 42
2 21
3 0
4 18
0 2 4
1 2 6
2 3 5
3 4 4
4 1 4
O38
5 5
0 18
1 2
2 24
3 29
4 24
0 2 5
1 2 4
2 3 5
3 4 4
4 1 12
O40
4 4
0 15
1 17
2 7
3 2
0 1 5
1 2 5
2 3 4
3 0 6
O38
25 25
0 18
1 18
2 18
3 18
4 18
5 2
6 24
7 29
8 24
9 2
10 24
11 29
12 24
13 2
14 24
15 29
16 24
17 2
18 24
19 29
20 24
21 2
22 24
23 29
24 24
0 6 5
1 10 5
2 14 5
3 18 5
4 22 5
5 6 4
6 7 5
7 8 4
8 9 12
9 10 4
10 11 5
11 12 4
12 13 12
13 14 4
14 15 5
15 16 4
16 17 12
17 18 4
18 19 5
19 20 4
20 21 12
21 22 4
22 23 5
23 24 4
24 5 12
O41
24 24
0 19
1 19
2 19
3 19
4 7
5 23
6 2
7 23
8 2
9 7
10 23
11 2
12 23
13 2
14 7
15 23
16 2
17 23
18 2
19 7
20 23
21 2
22 23
23 2
0 5 5
1 10 5
2 15 5
3 20 5
4 5 4
5 6 5
6 7 4
7 8 4
8 9 4
9 10 4
10 11 5
11 12 4
12 13 4
13 14 4
14 15 4
15 16 5
16 17 4
17 18 4
18 19 4
19 20 4
20 21 5
21 22 4
22 23 4
23 4 4
O38
5 5
0 18
1 2
2 24
3 29
4 24
0 2 5
1 2 4
2 3 5
3 4 4
4 1 12
O42
5 5
0 35
1 2
2 37
3 18
4 10
0 1 36
1 2 4
2 3 4
3 0 6
4 1 4
O38
5 5
0 18
1 2
2 24
3 29
4 24
0 2 5
1 2 4
2 3 5
3 4 4
4 1 12
O43
5 5
0 23
1 43
2 21
3 23
4 24
0 1 4
1 2 4
2 3 4
3 4 4
4 1 5
O38
5 5
0 18
1 2
2 24
3 29
4 24
0 2 5
1 2 4
2 3 5
3 4 4
4 1 12
O44
5 5
0 10
1 21
2 21
3 17
4 18
0 3 5
1 2 6
2 3 6
3 4 4
4 1 12
O38
15 15
0 18
1 18
2 18
3 2
4 24
5 29
6 24
7 2
8 24
9 29
10 24
11 2
12 24
13 29
14 24
0 4 5
1 8 5
2 12 5
3 4 4
4 5 5
5 6 4
6 7 12
7 8 4
8 9 5
9 10 4
10 11 12
11 12 4
12 13 5
13 14 4
14 3 12
O45
12 12
0 19
1 44
2 45
3 19
4 44
5 45
6 19
7 44
8 45
9 19
10 44
11 45
0 1 4
1 2 4
2 3 6
3 4 4
4 5 4
5 6 6
6 7 4
7 8 4
8 9 6
9 10 4
10 11 4
11 0 6
O38
15 15
0 18
1 18
2 18
3 2
4 24
5 29
6 24
7 2
8 24
9 29
10 24
11 2
12 24
13 29
14 24
0 4 5
1 8 5
2 12 5
3 4 4
4 5 5
5 6 4
6 7 12
7 8 4
8 9 5
9 10 4
10 11 12
11 12 4
12 13 5
13 14 4
14 3 12
O45 rel
12 12
0 19
1 44
2 2
3 19
4 44
5 2
6 19
7 44
8 2
9 19
10 44
11 2
0 1 4
1 2 4
2 3 6
3 4 4
4 5 4
5 6 6
6 7 4
7 8 4
8 9 6
9 10 4
10 11 4
11 0 6
O38
5 5
0 18
1 2
2 24
3 29
4 24
0 2 5
1 2 4
2 3 5
3 4 4
4 1 12
O46
4 4
0 46
1 15
2 19
3 24
0 1 12
1 2 12
2 3 4
3 0 5
O38
5 5
0 18
1 2
2 24
3 29
4 24
0 2 5
1 2 4
2 3 5
3 4 4
4 1 12
O48
5 5
0 24
1 7
2 0
3 2
4 47
0 1 4
1 2 5
2 3 4
3 0 5
4 0 4
O38
5 5
0 18
1 2
2 24
3 29
4 24
0 2 5
1 2 4
2 3 5
3 4 4
4 1 12
O49
4 4
0 48
1 24
2 0
3 49
0 1 5
1 2 5
2 3 4
3 0 6
O38
5 5
0 18
1 2
2 24
3 29
4 24
0 2 5
1 2 4
2 3 5
3 4 4
4 1 12
O52
4 4
0 50
1 51
2 50
3 51
0 1 4
1 2 4
2 3 4
3 0 4
O38
5 5
0 18
1 2
2 24
3 29
4 24
0 2 5
1 2 4
2 3 5
3 4 4
4 1 12
O53
5 5
0 10
1 0
2 29
3 1
4 2
0 1 6
1 2 5
2 3 4
3 4 5
4 1 4
O38
15 15
0 18
1 18
2 18
3 2
4 24
5 29
6 24
7 2
8 24
9 29
10 24
11 2
12 24
13 29
14 24
0 4 5
1 8 5
2 12 5
3 4 4
4 5 5
5 6 4
6 7 12
7 8 4
8 9 5
9 10 4
10 11 12
11 12 4
12 13 5
13 14 4
14 3 12
O55
20 20
0 2
1 7
2 24
3 2
4 7
5 24
6 2
7 7
8 24
9 2
10 7
11 24
12 52
13 15
14 52
15 15
16 52
17 15
18 52
19 15
0 1 4
1 2 4
2 3 12
3 4 4
4 5 4
5 6 12
6 7 4
7 8 4
8 9 12
9 10 4
10 11 4
11 0 12
12 13 6
13 0 4
14 15 6
15 3 4
16 17 6
17 6 4
18 19 6
19 9 4
O38
15 15
0 18
1 18
2 18
3 2
4 24
5 29
6 24
7 2
8 24
9 29
10 24
11 2
12 24
13 29
14 24
0 4 5
1 8 5
2 12 5
3 4 4
4 5 5
5 6 4
6 7 12
7 8 4
8 9 5
9 10 4
10 11 12
11 12 4
12 13 5
13 14 4
14 3 12
O56
16 16
0 31
1 19
2 2
3 31
4 19
5 2
6 31
7 19
8 2
9 31
10 19
11 2
12 7
13 7
14 7
15 7
0 1 33
1 2 4
2 3 32
3 4 33
4 5 4
5 6 32
6 7 33
7 8 4
8 9 32
9 10 33
10 11 4
11 0 32
12 1 6
13 4 6
14 7 6
15 10 6
O38
15 15
0 18
1 18
2 18
3 2
4 24
5 29
6 24
7 2
8 24
9 29
10 24
11 2
12 24
13 29
14 24
0 4 5
1 8 5
2 12 5
3 4 4
4 5 5
5 6 4
6 7 12
7 8 4
8 9 5
9 10 4
10 11 12
11 12 4
12 13 5
13 14 4
14 3 12
O58
16 16
0 17
1 21
2 2
3 17
4 21
5 2
6 17
7 21
8 2
9 17
10 21
11 2
12 53
13 53
14 53
15 53
0 1 5
1 2 4
2 3 5
3 4 5
4 5 4
5 6 5
6 7 5
7 8 4
8 9 5
9 10 5
10 11 4
11 0 5
12 0 4
13 3 4
14 6 4
15 9 4
O38
5 5
0 18
1 2
2 24
3 29
4 24
0 2 5
1 2 4
2 3 5
3 4 4
4 1 12
O59
5 5
0 47
1 21
2 21
3 17
4 18
0 1 4
1 2 4
2 3 4
3 4 4
4 1 12
O38
15 15
0 18
1 18
2 18
3 2
4 24
5 29
6 24
7 2
8 24
9 29
10 24
11 2
12 24
13 29
14 24
0 4 5
1 8 5
2 12 5
3 4 4
4 5 5
5 6 4
6 7 12
7 8 4
8 9 5
9 10 4
10 11 12
11 12 4
12 13 5
13 14 4
14 3 12
O61
12 12
0 54
1 19
2 16
3 54
4 19
5 16
6 54
7 19
8 16
9 54
10 19
11 16
0 1 55
1 2 4
2 3 5
3 4 55
4 5 4
5 6 5
6 7 55
7 8 4
8 9 5
9 10 55
10 11 4
11 0 5
O38
15 15
0 18
1 18
2 18
3 2
4 24
5 29
6 24
7 2
8 24
9 29
10 24
11 2
12 24
13 29
14 24
0 4 5
1 8 5
2 12 5
3 4 4
4 5 5
5 6 4
6 7 12
7 8 4
8 9 5
9 10 4
10 11 12
11 12 4
12 13 5
13 14 4
14 3 12
O62
20 20
0 10
1 10
2 10
3 10
4 25
5 25
6 25
7 25
8 25
9 25
10 25
11 25
12 25
13 25
14 25
15 25
16 10
17 10
18 10
19 10
0 4 6
1 7 6
2 10 6
3 13 6
4 5 56
5 6 4
6 7 56
7 8 56
8 9 4
9 10 56
10 11 56
11 12 4
12 13 56
13 14 56
14 15 4
15 4 56
16 5 6
17 8 6
18 11 6
19 14 6
O38
5 5
0 18
1 2
2 24
3 29
4 24
0 2 5
1 2 4
2 3 5
3 4 4
4 1 12
O64
5 5
0 15
1 57
2 29
3 15
4 2
0 3 12
1 2 4
2 3 4
3 4 4
4 1 4
O38
25 25
0 18
1 18
2 18
3 18
4 18
5 2
6 24
7 29
8 24
9 2
10 24
11 29
12 24
13 2
14 24
15 29
16 24
17 2
18 24
19 29
20 24
21 2
22 24
23 29
24 24
0 6 5
1 10 5
2 14 5
3 18 5
4 22 5
5 6 4
6 7 5
7 8 4
8 9 12
9 10 4
10 11 5
11 12 4
12 13 12
13 14 4
14 15 5
15 16 4
16 17 12
17 18 4
18 19 5
19 20 4
20 21 12
21 22 4
22 23 5
23 24 4
24 5 12
O65
20 20
0 13
1 58
2 16
3 59
4 18
5 13
6 58
7 16
8 59
9 18
10 13
11 58
12 16
13 59
14 18
15 13
16 58
17 16
18 59
19 18
0 1 5
1 2 5
2 3 5
3 4 4
4 5 6
5 6 5
6 7 5
7 8 5
8 9 4
9 10 6
10 11 5
11 12 5
12 13 5
13 14 4
14 15 6
15 16 5
16 17 5
17 18 5
18 19 4
19 0 6
O38
25 25
0 18
1 18
2 18
3 18
4 18
5 2
6 24
7 29
8 24
9 2
10 24
11 29
12 24
13 2
14 24
15 29
16 24
17 2
18 24
19 29
20 24
21 2
22 24
23 29
24 24
0 6 5
1 10 5
2 14 5
3 18 5
4 22 5
5 6 4
6 7 5
7 8 4
8 9 12
9 10 4
10 11 5
11 12 4
12 13 12
13 14 4
14 15 5
15 16 4
16 17 12
17 18 4
18 19 5
19 20 4
20 21 12
21 22 4
22 23 5
23 24 4
24 5 12
O66
20 20
0 60
1 61
2 18
3 17
4 18
5 60
6 61
7 18
8 17
9 18
10 60
11 61
12 18
13 17
14 18
15 60
16 61
17 18
18 17
19 18
0 1 4
1 2 4
2 3 6
3 4 4
4 5 6
5 6 4
6 7 4
7 8 6
8 9 4
9 10 6
10 11 4
11 12 4
12 13 6
13 14 4
14 15 6
15 16 4
16 17 4
17 18 6
18 19 4
19 0 6
O38
25 25
0 18
1 18
2 18
3 18
4 18
5 2
6 24
7 29
8 24
9 2
10 24
11 29
12 24
13 2
14 24
15 29
16 24
17 2
18 24
19 29
20 24
21 2
22 24
23 29
24 24
0 6 5
1 10 5
2 14 5
3 18 5
4 22 5
5 6 4
6 7 5
7 8 4
8 9 12
9 10 4
10 11 5
11 12 4
12 13 12
13 14 4
14 15 5
15 16 4
16 17 12
17 18 4
18 19 5
19 20 4
20 21 12
21 22 4
22 23 5
23 24 4
24 5 12
O68
28 28
0 0
1 0
2 0
3 0
4 21
5 21
6 21
7 17
8 18
9 21
10 21
11 21
12 17
13 18
14 21
15 21
16 21
17 17
18 18
19 21
20 21
21 21
22 17
23 18
24 10
25 10
26 10
27 10
0 4 4
1 9 4
2 14 4
3 19 4
4 5 6
5 6 6
6 7 6
7 8 4
8 9 12
9 10 6
10 11 6
11 12 6
12 13 4
13 14 12
14 15 6
15 16 6
16 17 6
17 18 4
18 19 12
19 20 6
20 21 6
21 22 6
22 23 4
23 4 12
24 5 4
25 10 4
26 15 4
27 20 4
O38
25 25
0 18
1 18
2 18
3 18
4 18
5 2
6 24
7 29
8 24
9 2
10 24
11 29
12 24
13 2
14 24
15 29
16 24
17 2
18 24
19 29
20 24
21 2
22 24
23 29
24 24
0 6 5
1 10 5
2 14 5
3 18 5
4 22 5
5 6 4
6 7 5
7 8 4
8 9 12
9 10 4
10 11 5
11 12 4
12 13 12
13 14 4
14 15 5
15 16 4
16 17 12
17 18 4
18 19 5
19 20 4
20 21 12
21 22 4
22 23 5
23 24 4
24 5 12
O69
20 20
0 62
1 0
2 0
3 7
4 18
5 62
6 0
7 0
8 7
9 18
10 62
11 0
12 0
13 7
14 18
15 62
16 0
17 0
18 7
19 18
0 1 6
1 2 6
2 3 6
3 4 4
4 5 4
5 6 6
6 7 6
7 8 6
8 9 4
9 10 4
10 11 6
11 12 6
12 13 6
13 14 4
14 15 4
15 16 6
16 17 6
17 18 6
18 19 4
19 0 4
O38
5 5
0 18
1 2
2 24
3 29
4 24
0 2 5
1 2 4
2 3 5
3 4 4
4 1 12
O70
5 5
0 13
1 63
2 15
3 16
4 10
0 1 4
1 2 4
2 3 4
3 0 5
4 3 5
O38
5 5
0 18
1 2
2 24
3 29
4 24
0 2 5
1 2 4
2 3 5
3 4 4
4 1 12
O71
4 4
0 64
1 0
2 15
3 16
0 1 4
1 2 5
2 3 4
3 0 5
O38
5 5
0 18
1 2
2 24
3 29
4 24
0 2 5
1 2 4
2 3 5
3 4 4
4 1 12
O73
6 6
0 10
1 21
2 21
3 17
4 18
5 10
0 2 5
1 2 6
2 3 6
3 4 4
4 1 12
5 3 4
O38
5 5
0 18
1 2
2 24
3 29
4 24
0 2 5
1 2 4
2 3 5
3 4 4
4 1 12
O73 ab
5 5
0 10
1 21
2 21
3 17
4 16
0 3 4
1 2 6
2 3 6
3 4 4
4 1 5
O38
15 15
0 18
1 18
2 18
3 2
4 24
5 29
6 24
7 2
8 24
9 29
10 24
11 2
12 24
13 29
14 24
0 4 5
1 8 5
2 12 5
3 4 4
4 5 5
5 6 4
6 7 12
7 8 4
8 9 5
9 10 4
10 11 12
11 12 4
12 13 5
13 14 4
14 3 12
O74
16 16
0 18
1 59
2 2
3 18
4 59
5 2
6 18
7 59
8 2
9 18
10 59
11 2
12 65
13 65
14 65
15 65
0 1 5
1 2 4
2 3 12
3 4 5
4 5 4
5 6 12
6 7 5
7 8 4
8 9 12
9 10 5
10 11 4
11 0 12
12 0 4
13 3 4
14 6 4
15 9 4
O38
15 15
0 18
1 18
2 18
3 2
4 24
5 29
6 24
7 2
8 24
9 29
10 24
11 2
12 24
13 29
14 24
0 4 5
1 8 5
2 12 5
3 4 4
4 5 5
5 6 4
6 7 12
7 8 4
8 9 5
9 10 4
10 11 12
11 12 4
12 13 5
13 14 4
14 3 12
O75
16 16
0 17
1 17
2 17
3 17
4 7
5 0
6 2
7 7
8 0
9 2
10 7
11 0
12 2
13 7
14 0
15 2
0 4 5
1 7 5
2 10 5
3 13 5
4 5 5
5 6 4
6 7 4
7 8 5
8 9 4
9 10 4
10 11 5
11 12 4
12 13 4
13 14 5
14 15 4
15 4 4
O38
5 5
0 18
1 2
2 24
3 29
4 24
0 2 5
1 2 4
2 3 5
3 4 4
4 1 12
O76
4 4
0 29
1 30
2 16
3 24
0 1 5
1 2 5
2 3 4
3 0 5
O38
5 5
0 18
1 2
2 24
3 29
4 24
0 2 5
1 2 4
2 3 5
3 4 4
4 1 12
O77
4 4
0 21
1 21
2 17
3 18
0 1 6
1 2 6
2 3 4
3 0 12
O38
5 5
0 18
1 2
2 24
3 29
4 24
0 2 5
1 2 4
2 3 5
3 4 4
4 1 12
O78
4 4
0 2
1 17
2 21
3 2
0 1 5
1 2 5
2 3 4
3 0 5
O38
25 25
0 18
1 18
2 18
3 18
4 18
5 2
6 24
7 29
8 24
9 2
10 24
11 29
12 24
13 2
14 24
15 29
16 24
17 2
18 24
19 29
20 24
21 2
22 24
23 29
24 24
0 6 5
1 10 5
2 14 5
3 18 5
4 22 5
5 6 4
6 7 5
7 8 4
8 9 12
9 10 4
10 11 5
11 12 4
12 13 12
13 14 4
14 15 5
15 16 4
16 17 12
17 18 4
18 19 5
19 20 4
20 21 12
21 22 4
22 23 5
23 24 4
24 5 12
O79
24 24
0 0
1 0
2 0
3 0
4 15
5 66
6 17
7 29
8 18
9 15
10 66
11 17
12 29
13 18
14 15
15 66
16 17
17 29
18 18
19 15
20 66
21 17
22 29
23 18
0 5 4
1 10 4
2 15 4
3 20 4
4 5 5
5 6 4
6 7 5
7 8 4
8 9 6
9 10 5
10 11 4
11 12 5
12 13 4
13 14 6
14 15 5
15 16 4
16 17 5
17 18 4
18 19 6
19 20 5
20 21 4
21 22 5
22 23 4
23 4 6
O38
5 5
0 18
1 2
2 24
3 29
4 24
0 2 5
1 2 4
2 3 5
3 4 4
4 1 12
O82
5 5
0 67
1 10
2 15
3 19
4 2
0 1 68
1 2 5
2 3 5
3 4 4
4 1 5
O38
25 25
0 18
1 18
2 18
3 18
4 18
5 2
6 24
7 29
8 24
9 2
10 24
11 29
12 24
13 2
14 24
15 29
16 24
17 2
18 24
19 29
20 24
21 2
22 24
23 29
24 24
0 6 5
1 10 5
2 14 5
3 18 5
4 22 5
5 6 4
6 7 5
7 8 4
8 9 12
9 10 4
10 11 5
11 12 4
12 13 12
13 14 4
14 15 5
15 16 4
16 17 12
17 18 4
18 19 5
19 20 4
20 21 12
21 22 4
22 23 5
23 24 4
24 5 12
O83
20 20
0 10
1 29
2 15
3 15
4 2
5 10
6 29
7 15
8 15
9 2
10 10
11 29
12 15
13 15
14 2
15 10
16 29
17 15
18 15
19 2
0 1 5
1 2 12
2 3 5
3 4 5
4 5 12
5 6 5
6 7 12
7 8 5
8 9 5
9 10 12
10 11 5
11 12 12
12 13 5
13 14 5
14 15 12
15 16 5
16 17 12
17 18 5
18 19 5
19 0 12
O38
5 5
0 18
1 2
2 24
3 29
4 24
0 2 5
1 2 4
2 3 5
3 4 4
4 1 12
O85
5 5
0 69
1 7
2 3
3 25
4 2
0 1 5
1 2 4
2 3 12
3 4 4
4 1 6
O38
5 5
0 18
1 2
2 24
3 29
4 24
0 2 5
1 2 4
2 3 5
3 4 4
4 1 12
O86
5 5
0 7
1 23
2 15
3 16
4 24
0 2 4
1 2 6
2 3 4
3 4 4
4 1 5
O38
5 5
0 18
1 2
2 24
3 29
4 24
0 2 5
1 2 4
2 3 5
3 4 4
4 1 12
O86.2
5 5
0 7
1 15
2 16
3 16
4 23
0 1 4
1 2 4
2 3 4
3 0 6
4 1 6
O38
5 5
0 18
1 2
2 24
3 29
4 24
0 2 5
1 2 4
2 3 5
3 4 4
4 1 12
O86.3
5 5
0 7
1 23
2 15
3 16
4 24
0 2 4
1 2 6
2 3 4
3 4 4
4 1 5
O38
5 5
0 18
1 2
2 24
3 29
4 24
0 2 5
1 2 4
2 3 5
3 4 4
4 1 12
O87
4 4
0 25
1 7
2 70
3 24
0 1 5
1 2 4
2 3 4
3 0 4
O38
15 15
0 18
1 18
2 18
3 2
4 24
5 29
6 24
7 2
8 24
9 29
10 24
11 2
12 24
13 29
14 24
0 4 5
1 8 5
2 12 5
3 4 4
4 5 5
5 6 4
6 7 12
7 8 4
8 9 5
9 10 4
10 11 12
11 12 4
12 13 5
13 14 4
14 3 12
O88
16 16
0 21
1 21
2 2
3 21
4 21
5 2
6 21
7 21
8 2
9 21
10 21
11 2
12 61
13 61
14 61
15 61
0 1 4
1 2 4
2 3 5
3 4 4
4 5 4
5 6 5
6 7 4
7 8 4
8 9 5
9 10 4
10 11 4
11 0 5
12 0 4
13 3 4
14 6 4
15 9 4
O38
5 5
0 18
1 2
2 24
3 29
4 24
0 2 5
1 2 4
2 3 5
3 4 4
4 1 12
O90
4 4
0 71
1 15
2 16
3 24
0 1 6
1 2 4
2 3 4
3 0 5
O38
25 25
0 18
1 18
2 18
3 18
4 18
5 2
6 24
7 29
8 24
9 2
10 24
11 29
12 24
13 2
14 24
15 29
16 24
17 2
18 24
19 29
20 24
21 2
22 24
23 29
24 24
0 6 5
1 10 5
2 14 5
3 18 5
4 22 5
5 6 4
6 7 5
7 8 4
8 9 12
9 10 4
10 11 5
11 12 4
12 13 12
13 14 4
14 15 5
15 16 4
16 17 12
17 18 4
18 19 5
19 20 4
20 21 12
21 22 4
22 23 5
23 24 4
24 5 12
O91
20 20
0 72
1 15
2 2
3 73
4 2
5 72
6 15
7 2
8 73
9 2
10 72
11 15
12 2
13 73
14 2
15 72
16 15
17 2
18 73
19 2
0 1 5
1 2 5
2 3 5
3 4 4
4 5 5
5 6 5
6 7 5
7 8 5
8 9 4
9 10 5
10 11 5
11 12 5
12 13 5
13 14 4
14 15 5
15 16 5
16 17 5
17 18 5
18 19 4
19 0 5
O38
5 5
0 18
1 2
2 24
3 29
4 24
0 2 5
1 2 4
2 3 5
3 4 4
4 1 12
O96
5 5
0 74
1 2
2 25
3 2
4 25
0 1 5
1 2 56
2 3 4
3 0 6
4 0 5
O38
5 5
0 18
1 2
2 24
3 29
4 24
0 2 5
1 2 4
2 3 5
3 4 4
4 1 12
O97
8 8
0 75
1 75
2 0
3 1
4 0
5 1
6 75
7 75
0 2 76
1 4 76
2 3 4
3 4 4
4 5 4
5 2 4
6 3 76
7 5 76
O38
5 5
0 18
1 2
2 24
3 29
4 24
0 2 5
1 2 4
2 3 5
3 4 4
4 1 12
O98
4 4
0 77
1 78
2 77
3 2
0 1 5
1 2 4
2 3 4
3 0 4
O38
5 5
0 18
1 2
2 24
3 29
4 24
0 2 5
1 2 4
2 3 5
3 4 4
4 1 12
O99
6 6
0 10
1 10
2 79
3 79
4 79
5 79
0 2 6
1 5 6
2 3 6
3 4 6
4 5 4
5 2 4
O38
5 5
0 18
1 2
2 24
3 29
4 24
0 2 5
1 2 4
2 3 5
3 4 4
4 1 12
O100
5 5
0 0
1 0
2 7
3 2
4 35
0 1 4
1 2 4
2 3 4
3 0 6
4 0 38
O38
5 5
0 18
1 2
2 24
3 29
4 24
0 2 5
1 2 4
2 3 5
3 4 4
4 1 12
O101
4 4
0 18
1 16
2 18
3 16
0 1 5
1 2 12
2 3 5
3 0 12
O38
15 15
0 18
1 18
2 18
3 2
4 24
5 29
6 24
7 2
8 24
9 29
10 24
11 2
12 24
13 29
14 24
0 4 5
1 8 5
2 12 5
3 4 4
4 5 5
5 6 4
6 7 12
7 8 4
8 9 5
9 10 4
10 11 12
11 12 4
12 13 5
13 14 4
14 3 12
O102
20 20
0 0
1 24
2 0
3 24
4 0
5 24
6 0
7 24
8 7
9 19
10 24
11 7
12 19
13 24
14 7
15 19
16 24
17 7
18 19
19 24
0 1 5
1 8 4
2 3 5
3 11 4
4 5 5
5 14 4
6 7 5
7 17 4
8 9 12
9 10 4
10 11 5
11 12 12
12 13 4
13 14 5
14 15 12
15 16 4
16 17 5
17 18 12
18 19 4
19 8 5
O38
25 25
0 18
1 18
2 18
3 18
4 18
5 2
6 24
7 29
8 24
9 2
10 24
11 29
12 24
13 2
14 24
15 29
16 24
17 2
18 24
19 29
20 24
21 2
22 24
23 29
24 24
0 6 5
1 10 5
2 14 5
3 18 5
4 22 5
5 6 4
6 7 5
7 8 4
8 9 12
9 10 4
10 11 5
11 12 4
12 13 12
13 14 4
14 15 5
15 16 4
16 17 12
17 18 4
18 19 5
19 20 4
20 21 12
21 22 4
22 23 5
23 24 4
24 5 12
O103
20 20
0 19
1 80
2 18
3 16
4 2
5 19
6 80
7 18
8 16
9 2
10 19
11 80
12 18
13 16
14 2
15 19
16 80
17 18
18 16
19 2
0 1 6
1 2 12
2 3 5
3 4 4
4 5 6
5 6 6
6 7 12
7 8 5
8 9 4
9 10 6
10 11 6
11 12 12
12 13 5
13 14 4
14 15 6
15 16 6
16 17 12
17 18 5
18 19 4
19 0 6
O38
5 5
0 18
1 2
2 24
3 29
4 24
0 2 5
1 2 4
2 3 5
3 4 4
4 1 12
O104
4 4
0 7
1 81
2 15
3 24
0 1 5
1 2 33
2 3 4
3 0 5
O38
5 5
0 18
1 2
2 24
3 29
4 24
0 2 5
1 2 4
2 3 5
3 4 4
4 1 12
O105
6 6
0 14
1 74
2 0
3 1
4 0
5 2
0 1 5
1 2 6
2 3 4
3 4 5
4 5 4
5 2 4
O38
25 25
0 18
1 18
2 18
3 18
4 18
5 2
6 24
7 29
8 24
9 2
10 24
11 29
12 24
13 2
14 24
15 29
16 24
17 2
18 24
19 29
20 24
21 2
22 24
23 29
24 24
0 6 5
1 10 5
2 14 5
3 18 5
4 22 5
5 6 4
6 7 5
7 8 4
8 9 12
9 10 4
10 11 5
11 12 4
12 13 12
13 14 4
14 15 5
15 16 4
16 17 12
17 18 4
18 19 5
19 20 4
20 21 12
21 22 4
22 23 5
23 24 4
24 5 12
O107
20 20
0 24
1 0
2 18
3 15
4 16
5 24
6 0
7 18
8 15
9 16
10 24
11 0
12 18
13 15
14 16
15 24
16 0
17 18
18 15
19 16
0 1 4
1 2 5
2 3 5
3 4 4
4 5 5
5 6 4
6 7 5
7 8 5
8 9 4
9 10 5
10 11 4
11 12 5
12 13 5
13 14 4
14 15 5
15 16 4
16 17 5
17 18 5
18 19 4
19 0 5
O38
5 5
0 18
1 2
2 24
3 29
4 24
0 2 5
1 2 4
2 3 5
3 4 4
4 1 12
O108
4 4
0 82
1 7
2 11
3 18
0 1 83
1 2 4
2 3 4
3 0 5
O38
15 15
0 18
1 18
2 18
3 2
4 24
5 29
6 24
7 2
8 24
9 29
10 24
11 2
12 24
13 29
14 24
0 4 5
1 8 5
2 12 5
3 4 4
4 5 5
5 6 4
6 7 12
7 8 4
8 9 5
9 10 4
10 11 12
11 12 4
12 13 5
13 14 4
14 3 12
O109
16 16
0 84
1 84
2 84
3 84
4 10
5 44
6 2
7 10
8 44
9 2
10 10
11 44
12 2
13 10
14 44
15 2
0 4 4
1 7 4
2 10 4
3 13 4
4 5 4
5 6 4
6 7 5
7 8 4
8 9 4
9 10 5
10 11 4
11 12 4
12 13 5
13 14 4
14 15 4
15 4 5
O38
5 5
0 18
1 2
2 24
3 29
4 24
0 2 5
1 2 4
2 3 5
3 4 4
4 1 12
O110
4 4
0 85
1 7
2 7
3 2
0 1 5
1 2 4
2 3 4
3 0 5
O38
15 15
0 18
1 18
2 18
3 2
4 24
5 29
6 24
7 2
8 24
9 29
10 24
11 2
12 24
13 29
14 24
0 4 5
1 8 5
2 12 5
3 4 4
4 5 5
5 6 4
6 7 12
7 8 4
8 9 5
9 10 4
10 11 12
11 12 4
12 13 5
13 14 4
14 3 12
O111
20 20
0 52
1 52
2 52
3 52
4 10
5 7
6 2
7 10
8 7
9 2
10 10
11 7
12 2
13 10
14 7
15 2
16 52
17 52
18 52
19 52
0 4 12
1 7 12
2 10 12
3 13 12
4 5 5
5 6 4
6 7 5
7 8 5
8 9 4
9 10 5
10 11 5
11 12 4
12 13 5
13 14 5
14 15 4
15 4 5
16 4 4
17 7 4
18 10 4
19 13 4
O38
5 5
0 18
1 2
2 24
3 29
4 24
0 2 5
1 2 4
2 3 5
3 4 4
4 1 12
O112 ab
5 5
0 2
1 16
2 10
3 86
4 24
0 1 4
1 2 5
2 3 5
3 4 4
4 1 5
O38
5 5
0 18
1 2
2 24
3 29
4 24
0 2 5
1 2 4
2 3 5
3 4 4
4 1 12
O112 ac
5 5
0 87
1 16
2 10
3 15
4 24
0 1 4
1 2 5
2 3 5
3 4 4
4 1 5
O38
5 5
0 18
1 2
2 24
3 29
4 24
0 2 5
1 2 4
2 3 5
3 4 4
4 1 12
O113
5 5
0 16
1 47
2 7
3 2
4 15
0 1 5
1 2 4
2 3 4
3 0 5
4 0 4
O38
5 5
0 18
1 2
2 24
3 29
4 24
0 2 5
1 2 4
2 3 5
3 4 4
4 1 12
O114
4 4
0 88
1 14
2 15
3 18
0 1 4
1 2 5
2 3 4
3 0 5
O38
5 5
0 18
1 2
2 24
3 29
4 24
0 2 5
1 2 4
2 3 5
3 4 4
4 1 12
O115
5 5
0 1
1 2
2 47
3 21
4 2
0 1 5
1 2 5
2 3 4
3 4 4
4 1 4
O38
25 25
0 18
1 18
2 18
3 18
4 18
5 2
6 24
7 29
8 24
9 2
10 24
11 29
12 24
13 2
14 24
15 29
16 24
17 2
18 24
19 29
20 24
21 2
22 24
23 29
24 24
0 6 5
1 10 5
2 14 5
3 18 5
4 22 5
5 6 4
6 7 5
7 8 4
8 9 12
9 10 4
10 11 5
11 12 4
12 13 12
13 14 4
14 15 5
15 16 4
16 17 12
17 18 4
18 19 5
19 20 4
20 21 12
21 22 4
22 23 5
23 24 4
24 5 12
O116
20 20
0 20
1 18
2 16
3 47
4 2
5 20
6 18
7 16
8 47
9 2
10 20
11 18
12 16
13 47
14 2
15 20
16 18
17 16
18 47
19 2
0 1 12
1 2 5
2 3 5
3 4 4
4 5 6
5 6 12
6 7 5
7 8 5
8 9 4
9 10 6
10 11 12
11 12 5
12 13 5
13 14 4
14 15 6
15 16 12
16 17 5
17 18 5
18 19 4
19 0 6
O38
25 25
0 18
1 18
2 18
3 18
4 18
5 2
6 24
7 29
8 24
9 2
10 24
11 29
12 24
13 2
14 24
15 29
16 24
17 2
18 24
19 29
20 24
21 2
22 24
23 29
24 24
0 6 5
1 10 5
2 14 5
3 18 5
4 22 5
5 6 4
6 7 5
7 8 4
8 9 12
9 10 4
10 11 5
11 12 4
12 13 12
13 14 4
14 15 5
15 16 4
16 17 12
17 18 4
18 19 5
19 20 4
20 21 12
21 22 4
22 23 5
23 24 4
24 5 12
O117
20 20
0 24
1 0
2 10
3 15
4 16
5 24
6 0
7 10
8 15
9 16
10 24
11 0
12 10
13 15
14 16
15 24
16 0
17 10
18 15
19 16
0 1 4
1 2 5
2 3 5
3 4 4
4 5 5
5 6 4
6 7 5
7 8 5
8 9 4
9 10 5
10 11 4
11 12 5
12 13 5
13 14 4
14 15 5
15 16 4
16 17 5
17 18 5
18 19 4
19 0 5
O38
5 5
0 18
1 2
2 24
3 29
4 24
0 2 5
1 2 4
2 3 5
3 4 4
4 1 12
O118
4 4
0 89
1 7
2 90
3 2
0 1 91
1 2 4
2 3 4
3 0 4
O38
5 5
0 18
1 2
2 24
3 29
4 24
0 2 5
1 2 4
2 3 5
3 4 4
4 1 12
O119
5 5
0 92
1 17
2 7
3 0
4 18
0 1 4
1 2 4
2 3 5
3 4 4
4 1 6
O38
25 25
0 18
1 18
2 18
3 18
4 18
5 2
6 24
7 29
8 24
9 2
10 24
11 29
12 24
13 2
14 24
15 29
16 24
17 2
18 24
19 29
20 24
21 2
22 24
23 29
24 24
0 6 5
1 10 5
2 14 5
3 18 5
4 22 5
5 6 4
6 7 5
7 8 4
8 9 12
9 10 4
10 11 5
11 12 4
12 13 12
13 14 4
14 15 5
15 16 4
16 17 12
17 18 4
18 19 5
19 20 4
20 21 12
21 22 4
22 23 5
23 24 4
24 5 12
O120
24 24
0 0
1 0
2 0
3 0
4 10
5 0
6 0
7 7
8 24
9 10
10 0
11 0
12 7
13 24
14 10
15 0
16 0
17 7
18 24
19 10
20 0
21 0
22 7
23 24
0 4 5
1 9 5
2 14 5
3 19 5
4 5 6
5 6 6
6 7 6
7 8 4
8 9 4
9 10 6
10 11 6
11 12 6
12 13 4
13 14 4
14 15 6
15 16 6
16 17 6
17 18 4
18 19 4
19 20 6
20 21 6
21 22 6
22 23 4
23 4 4
O38
5 5
0 18
1 2
2 24
3 29
4 24
0 2 5
1 2 4
2 3 5
3 4 4
4 1 12
O121
4 4
0 93
1 94
2 78
3 18
0 1 5
1 2 5
2 3 4
3 0 4
O38
5 5
0 18
1 2
2 24
3 29
4 24
0 2 5
1 2 4
2 3 5
3 4 4
4 1 12
O123
4 4
0 95
1 18
2 77
3 18
0 1 12
1 2 4
2 3 4
3 0 4
O38
15 15
0 18
1 18
2 18
3 2
4 24
5 29
6 24
7 2
8 24
9 29
10 24
11 2
12 24
13 29
14 24
0 4 5
1 8 5
2 12 5
3 4 4
4 5 5
5 6 4
6 7 12
7 8 4
8 9 5
9 10 4
10 11 12
11 12 4
12 13 5
13 14 4
14 3 12
O124
20 20
0 96
1 10
2 96
3 10
4 96
5 10
6 96
7 10
8 15
9 25
10 24
11 15
12 25
13 24
14 15
15 25
16 24
17 15
18 25
19 24
0 1 12
1 8 5
2 3 12
3 11 5
4 5 12
5 14 5
6 7 12
7 17 5
8 9 12
9 10 4
10 11 4
11 12 12
12 13 4
13 14 4
14 15 12
15 16 4
16 17 4
17 18 12
18 19 4
19 8 4
O38
5 5
0 18
1 2
2 24
3 29
4 24
0 2 5
1 2 4
2 3 5
3 4 4
4 1 12
O125 ab
6 6
0 10
1 24
2 21
3 23
4 16
5 15
0 2 4
1 2 6
2 3 4
3 4 4
4 1 5
5 1 4
O38
5 5
0 18
1 2
2 24
3 29
4 24
0 2 5
1 2 4
2 3 5
3 4 4
4 1 12
O126
5 5
0 17
1 15
2 18
3 2
4 23
0 1 4
1 2 4
2 3 4
3 0 6
4 1 6
O38
15 15
0 18
1 18
2 18
3 2
4 24
5 29
6 24
7 2
8 24
9 29
10 24
11 2
12 24
13 29
14 24
0 4 5
1 8 5
2 12 5
3 4 4
4 5 5
5 6 4
6 7 12
7 8 4
8 9 5
9 10 4
10 11 12
11 12 4
12 13 5
13 14 4
14 3 12
O126.2
16 16
0 17
1 7
2 2
3 17
4 7
5 2
6 17
7 7
8 2
9 17
10 7
11 2
12 97
13 97
14 97
15 97
0 1 4
1 2 4
2 3 6
3 4 4
4 5 4
5 6 6
6 7 4
7 8 4
8 9 6
9 10 4
10 11 4
11 0 6
12 1 6
13 4 6
14 7 6
15 10 6
O38
5 5
0 18
1 2
2 24
3 29
4 24
0 2 5
1 2 4
2 3 5
3 4 4
4 1 12
O127
4 4
0 23
1 15
2 16
3 16
0 1 6
1 2 4
2 3 4
3 0 6
O38
5 5
0 18
1 2
2 24
3 29
4 24
0 2 5
1 2 4
2 3 5
3 4 4
4 1 12
O128 ab
5 5
0 15
1 24
2 7
3 24
4 23
0 1 4
1 2 5
2 3 4
3 0 12
4 0 6
O38
5 5
0 18
1 2
2 24
3 29
4 24
0 2 5
1 2 4
2 3 5
3 4 4
4 1 12
O128 ab.2
5 5
0 15
1 24
2 16
3 24
4 23
0 1 4
1 2 5
2 3 4
3 0 12
4 0 6
O38
5 5
0 18
1 2
2 24
3 29
4 24
0 2 5
1 2 4
2 3 5
3 4 4
4 1 12
O128 ac
5 5
0 15
1 24
2 7
3 24
4 23
0 1 4
1 2 5
2 3 4
3 0 12
4 0 6
O38
5 5
0 18
1 2
2 24
3 29
4 24
0 2 5
1 2 4
2 3 5
3 4 4
4 1 12
O129
5 5
0 10
1 98
2 0
3 0
4 2
0 2 4
1 2 6
2 3 4
3 4 4
4 1 6
O38
15 15
0 18
1 18
2 18
3 2
4 24
5 29
6 24
7 2
8 24
9 29
10 24
11 2
12 24
13 29
14 24
0 4 5
1 8 5
2 12 5
3 4 4
4 5 5
5 6 4
6 7 12
7 8 4
8 9 5
9 10 4
10 11 12
11 12 4
12 13 5
13 14 4
14 3 12
O130
20 20
0 99
1 24
2 99
3 24
4 99
5 24
6 99
7 24
8 7
9 19
10 24
11 7
12 19
13 24
14 7
15 19
16 24
17 7
18 19
19 24
0 1 100
1 8 4
2 3 100
3 11 4
4 5 100
5 14 4
6 7 100
7 17 4
8 9 12
9 10 4
10 11 5
11 12 12
12 13 4
13 14 5
14 15 12
15 16 4
16 17 5
17 18 12
18 19 4
19 8 5
O38
5 5
0 18
1 2
2 24
3 29
4 24
0 2 5
1 2 4
2 3 5
3 4 4
4 1 12
O131
4 4
0 31
1 15
2 15
3 24
0 1 83
1 2 12
2 3 4
3 0 101
O38
25 25
0 18
1 18
2 18
3 18
4 18
5 2
6 24
7 29
8 24
9 2
10 24
11 29
12 24
13 2
14 24
15 29
16 24
17 2
18 24
19 29
20 24
21 2
22 24
23 29
24 24
0 6 5
1 10 5
2 14 5
3 18 5
4 22 5
5 6 4
6 7 5
7 8 4
8 9 12
9 10 4
10 11 5
11 12 4
12 13 12
13 14 4
14 15 5
15 16 4
16 17 12
17 18 4
18 19 5
19 20 4
20 21 12
21 22 4
22 23 5
23 24 4
24 5 12
O132
20 20
0 69
1 26
2 10
3 0
4 2
5 69
6 26
7 10
8 0
9 2
10 69
11 26
12 10
13 0
14 2
15 69
16 26
17 10
18 0
19 2
0 1 4
1 2 5
2 3 6
3 4 4
4 5 6
5 6 4
6 7 5
7 8 6
8 9 4
9 10 6
10 11 4
11 12 5
12 13 6
13 14 4
14 15 6
15 16 4
16 17 5
17 18 6
18 19 4
19 0 6
O38
25 25
0 18
1 18
2 18
3 18
4 18
5 2
6 24
7 29
8 24
9 2
10 24
11 29
12 24
13 2
14 24
15 29
16 24
17 2
18 24
19 29
20 24
21 2
22 24
23 29
24 24
0 6 5
1 10 5
2 14 5
3 18 5
4 22 5
5 6 4
6 7 5
7 8 4
8 9 12
9 10 4
10 11 5
11 12 4
12 13 12
13 14 4
14 15 5
15 16 4
16 17 12
17 18 4
18 19 5
19 20 4
20 21 12
21 22 4
22 23 5
23 24 4
24 5 12
O133
24 24
0 0
1 0
2 0
3 47
4 18
5 0
6 0
7 0
8 47
9 18
10 0
11 0
12 0
13 47
14 18
15 0
16 0
17 0
18 47
19 18
20 10
21 10
22 10
23 10
0 1 6
1 2 6
2 3 5
3 4 4
4 5 4
5 6 6
6 7 6
7 8 5
8 9 4
9 10 4
10 11 6
11 12 6
12 13 5
13 14 4
14 15 4
15 16 6
16 17 6
17 18 5
18 19 4
19 0 4
20 3 4
21 8 4
22 13 4
23 18 4
O38
5 5
0 18
1 2
2 24
3 29
4 24
0 2 5
1 2 4
2 3 5
3 4 4
4 1 12
O134
4 4
0 46
1 15
2 19
3 24
0 1 12
1 2 12
2 3 4
3 0 5
O38
5 5
0 18
1 2
2 24
3 29
4 24
0 2 5
1 2 4
2 3 5
3 4 4
4 1 12
O135
5 5
0 10
1 0
2 0
3 26
4 2
0 4 12
1 2 6
2 3 4
3 4 4
4 1 6
O38
15 15
0 18
1 18
2 18
3 2
4 24
5 29
6 24
7 2
8 24
9 29
10 24
11 2
12 24
13 29
14 24
0 4 5
1 8 5
2 12 5
3 4 4
4 5 5
5 6 4
6 7 12
7 8 4
8 9 5
9 10 4
10 11 12
11 12 4
12 13 5
13 14 4
14 3 12
O136
12 12
0 102
1 15
2 2
3 102
4 15
5 2
6 102
7 15
8 2
9 102
10 15
11 2
0 1 55
1 2 5
2 3 5
3 4 55
4 5 5
5 6 5
6 7 55
7 8 5
8 9 5
9 10 55
10 11 5
11 0 5
