200
O20 ab
4 4
0 14
1 7
2 14
3 7
0 1 5
1 2 6
2 3 5
3 0 6
O104
4 4
0 7
1 81
2 15
3 24
0 1 5
1 2 33
2 3 4
3 0 5
O20 ab
4 4
0 14
1 7
2 14
3 7
0 1 5
1 2 6
2 3 5
3 0 6
O105
6 6
0 14
1 74
2 0
3 1
4 0
5 2
0 1 5
1 2 6
2 3 4
3 4 5
4 5 4
5 2 4
O20 ab
10 10
0 14
1 7
2 14
3 7
4 14
5 7
6 14
7 7
8 14
9 7
0 1 5
1 2 6
2 3 5
3 4 6
4 5 5
5 6 6
6 7 5
7 8 6
8 9 5
9 0 6
O107
10 10
0 24
1 0
2 18
3 15
4 16
5 24
6 0
7 18
8 15
9 16
0 1 4
1 2 5
2 3 5
3 4 4
4 5 5
5 6 4
6 7 5
7 8 5
8 9 4
9 0 5
O20 ab
4 4
0 14
1 7
2 14
3 7
0 1 5
1 2 6
2 3 5
3 0 6
O108
4 4
0 82
1 7
2 11
3 18
0 1 83
1 2 4
2 3 4
3 0 5
O20 ab
6 6
0 14
1 7
2 14
3 7
4 14
5 7
0 1 5
1 2 6
2 3 5
3 4 6
4 5 5
5 0 6
O109
8 8
0 84
1 84
2 10
3 44
4 2
5 10
6 44
7 2
0 2 4
1 5 4
2 3 4
3 4 4
4 5 5
5 6 4
6 7 4
7 2 5
O20 ab
4 4
0 14
1 7
2 14
3 7
0 1 5
1 2 6
2 3 5
3 0 6
O110
4 4
0 85
1 7
2 7
3 2
0 1 5
1 2 4
2 3 4
3 0 5
O20 ab
6 6
0 14
1 7
2 14
3 7
4 14
5 7
0 1 5
1 2 6
2 3 5
3 4 6
4 5 5
5 0 6
O111
10 10
0 52
1 52
2 10
3 7
4 2
5 10
6 7
7 2
8 52
9 52
0 2 12
1 5 12
2 3 5
3 4 4
4 5 5
5 6 5
6 7 4
7 2 5
8 2 4
9 5 4
O20 ab
4 4
0 14
1 7
2 14
3 7
0 1 5
1 2 6
2 3 5
3 0 6
O112 ab
5 5
0 2
1 16
2 10
3 86
4 24
0 1 4
1 2 5
2 3 5
3 4 4
4 1 5
O20 ab
4 4
0 14
1 7
2 14
3 7
0 1 5
1 2 6
2 3 5
3 0 6
O112 ac
5 5
0 87
1 16
2 10
3 15
4 24
0 1 4
1 2 5
2 3 5
3 4 4
4 1 5
O20 ab
4 4
0 14
1 7
2 14
3 7
0 1 5
1 2 6
2 3 5
3 0 6
O113
5 5
0 16
1 47
2 7
3 2
4 15
0 1 5
1 2 4
2 3 4
3 0 5
4 0 4
O20 ab
4 4
0 14
1 7
2 14
3 7
0 1 5
1 2 6
2 3 5
3 0 6
O114
4 4
0 88
1 14
2 15
3 18
0 1 4
1 2 5
2 3 4
3 0 5
O20 ab
4 4
0 14
1 7
2 14
3 7
0 1 5
1 2 6
2 3 5
3 0 6
O115
5 5
0 1
1 2
2 47
3 21
4 2
0 1 5
1 2 5
2 3 4
3 4 4
4 1 4
O20 ab
10 10
0 14
1 7
2 14
3 7
4 14
5 7
6 14
7 7
8 14
9 7
0 1 5
1 2 6
2 3 5
3 4 6
4 5 5
5 6 6
6 7 5
7 8 6
8 9 5
9 0 6
O116
10 10
0 20
1 18
2 16
3 47
4 2
5 20
6 18
7 16
8 47
9 2
0 1 12
1 2 5
2 3 5
3 4 4
4 5 6
5 6 12
6 7 5
7 8 5
8 9 4
9 0 6
O20 ab
10 10
0 14
1 7
2 14
3 7
4 14
5 7
6 14
7 7
8 14
9 7
0 1 5
1 2 6
2 3 5
3 4 6
4 5 5
5 6 6
6 7 5
7 8 6
8 9 5
9 0 6
O117
10 10
0 24
1 0
2 10
3 15
4 16
5 24
6 0
7 10
8 15
9 16
0 1 4
1 2 5
2 3 5
3 4 4
4 5 5
5 6 4
6 7 5
7 8 5
8 9 4
9 0 5
O20 ab
4 4
0 14
1 7
2 14
3 7
0 1 5
1 2 6
2 3 5
3 0 6
O118
4 4
0 89
1 7
2 90
3 2
0 1 91
1 2 4
2 3 4
3 0 4
O20 ab
4 4
0 14
1 7
2 14
3 7
0 1 5
1 2 6
2 3 5
3 0 6
O119
5 5
0 92
1 17
2 7
3 0
4 18
0 1 4
1 2 4
2 3 5
3 4 4
4 1 6
O20 ab
10 10
0 14
1 7
2 14
3 7
4 14
5 7
6 14
7 7
8 14
9 7
0 1 5
1 2 6
2 3 5
3 4 6
4 5 5
5 6 6
6 7 5
7 8 6
8 9 5
9 0 6
O120
12 12
0 0
1 0
2 10
3 0
4 0
5 7
6 24
7 10
8 0
9 0
10 7
11 24
0 2 5
1 7 5
2 3 6
3 4 6
4 5 6
5 6 4
6 7 4
7 8 6
8 9 6
9 10 6
10 11 4
11 2 4
O20 ab
4 4
0 14
1 7
2 14
3 7
0 1 5
1 2 6
2 3 5
3 0 6
O121
4 4
0 93
1 94
2 78
3 18
0 1 5
1 2 5
2 3 4
3 0 4
O20 ab
4 4
0 14
1 7
2 14
3 7
0 1 5
1 2 6
2 3 5
3 0 6
O123
4 4
0 95
1 18
2 77
3 18
0 1 12
1 2 4
2 3 4
3 0 4
O20 ab
6 6
0 14
1 7
2 14
3 7
4 14
5 7
0 1 5
1 2 6
2 3 5
3 4 6
4 5 5
5 0 6
O124
10 10
0 96
1 10
2 96
3 10
4 15
5 25
6 24
7 15
8 25
9 24
0 1 12
1 4 5
2 3 12
3 7 5
4 5 12
5 6 4
6 7 4
7 8 12
8 9 4
9 4 4
O20 ab
4 4
0 14
1 7
2 14
3 7
0 1 5
1 2 6
2 3 5
3 0 6
O125 ab
6 6
0 10
1 24
2 21
3 23
4 16
5 15
0 2 4
1 2 6
2 3 4
3 4 4
4 1 5
5 1 4
O20 ab
4 4
0 14
1 7
2 14
3 7
0 1 5
1 2 6
2 3 5
3 0 6
O126
5 5
0 17
1 15
2 18
3 2
4 23
0 1 4
1 2 4
2 3 4
3 0 6
4 1 6
O20 ab
6 6
0 14
1 7
2 14
3 7
4 14
5 7
0 1 5
1 2 6
2 3 5
3 4 6
4 5 5
5 0 6
O126.2
8 8
0 17
1 7
2 2
3 17
4 7
5 2
6 97
7 97
0 1 4
1 2 4
2 3 6
3 4 4
4 5 4
5 0 6
6 1 6
7 4 6
O20 ab
4 4
0 14
1 7
2 14
3 7
0 1 5
1 2 6
2 3 5
3 0 6
O127
4 4
0 23
1 15
2 16
3 16
0 1 6
1 2 4
2 3 4
3 0 6
O20 ab
4 4
0 14
1 7
2 14
3 7
0 1 5
1 2 6
2 3 5
3 0 6
O128 ab
5 5
0 15
1 24
2 7
3 24
4 23
0 1 4
1 2 5
2 3 4
3 0 12
4 0 6
O20 ab
4 4
0 14
1 7
2 14
3 7
0 1 5
1 2 6
2 3 5
3 0 6
O128 ab.2
5 5
0 15
1 24
2 16
3 24
4 23
0 1 4
1 2 5
2 3 4
3 0 12
4 0 6
O20 ab
4 4
0 14
1 7
2 14
3 7
0 1 5
1 2 6
2 3 5
3 0 6
O128 ac
5 5
0 15
1 24
2 7
3 24
4 23
0 1 4
1 2 5
2 3 4
3 0 12
4 0 6
O20 ab
4 4
0 14
1 7
2 14
3 7
0 1 5
1 2 6
2 3 5
3 0 6
O129
5 5
0 10
1 98
2 0
3 0
4 2
0 2 4
1 2 6
2 3 4
3 4 4
4 1 6
O20 ab
6 6
0 14
1 7
2 14
3 7
4 14
5 7
0 1 5
1 2 6
2 3 5
3 4 6
4 5 5
5 0 6
O130
10 10
0 99
1 24
2 99
3 24
4 7
5 19
6 24
7 7
8 19
9 24
0 1 100
1 4 4
2 3 100
3 7 4
4 5 12
5 6 4
6 7 5
7 8 12
8 9 4
9 4 5
O20 ab
4 4
0 14
1 7
2 14
3 7
0 1 5
1 2 6
2 3 5
3 0 6
O131
4 4
0 31
1 15
2 15
3 24
0 1 83
1 2 12
2 3 4
3 0 101
O20 ab
10 10
0 14
1 7
2 14
3 7
4 14
5 7
6 14
7 7
8 14
9 7
0 1 5
1 2 6
2 3 5
3 4 6
4 5 5
5 6 6
6 7 5
7 8 6
8 9 5
9 0 6
O132
10 10
0 69
1 26
2 10
3 0
4 2
5 69
6 26
7 10
8 0
9 2
0 1 4
1 2 5
2 3 6
3 4 4
4 5 6
5 6 4
6 7 5
7 8 6
8 9 4
9 0 6
O20 ab
10 10
0 14
1 7
2 14
3 7
4 14
5 7
6 14
7 7
8 14
9 7
0 1 5
1 2 6
2 3 5
3 4 6
4 5 5
5 6 6
6 7 5
7 8 6
8 9 5
9 0 6
O133
12 12
0 0
1 0
2 0
3 47
4 18
5 0
6 0
7 0
8 47
9 18
10 10
11 10
0 1 6
1 2 6
2 3 5
3 4 4
4 5 4
5 6 6
6 7 6
7 8 5
8 9 4
9 0 4
10 3 4
11 8 4
O20 ab
4 4
0 14
1 7
2 14
3 7
0 1 5
1 2 6
2 3 5
3 0 6
O134
4 4
0 46
1 15
2 19
3 24
0 1 12
1 2 12
2 3 4
3 0 5
O20 ab
4 4
0 14
1 7
2 14
3 7
0 1 5
1 2 6
2 3 5
3 0 6
O135
5 5
0 10
1 0
2 0
3 26
4 2
0 4 12
1 2 6
2 3 4
3 4 4
4 1 6
O20 ab
6 6
0 14
1 7
2 14
3 7
4 14
5 7
0 1 5
1 2 6
2 3 5
3 4 6
4 5 5
5 0 6
O136
6 6
0 102
1 15
2 2
3 102
4 15
5 2
0 1 55
1 2 5
2 3 5
3 4 55
4 5 5
5 0 5
O20 ab
6 6
0 14
1 7
2 14
3 7
4 14
5 7
0 1 5
1 2 6
2 3 5
3 4 6
4 5 5
5 0 6
O137
8 8
0 19
1 19
2 18
3 29
4 2
5 18
6 29
7 2
0 2 5
1 5 5
2 3 5
3 4 5
4 5 12
5 6 5
6 7 5
7 2 12
O20 ab
4 4
0 14
1 7
2 14
3 7
0 1 5
1 2 6
2 3 5
3 0 6
O138
4 4
0 0
1 0
2 78
3 2
0 1 4
1 2 5
2 3 4
3 0 6
O20 ab
6 6
0 14
1 7
2 14
3 7
4 14
5 7
0 1 5
1 2 6
2 3 5
3 4 6
4 5 5
5 0 6
O139
7 7
0 19
1 0
2 47
3 0
4 0
5 0
6 18
0 3 4
1 2 5
2 3 6
3 4 4
4 5 6
5 6 4
6 1 4
O20 ab
4 4
0 14
1 7
2 14
3 7
0 1 5
1 2 6
2 3 5
3 0 6
O140
6 6
0 69
1 0
2 15
3 10
4 29
5 24
0 1 6
1 2 5
2 3 5
3 4 5
4 5 4
5 2 4
O20 ab
6 6
0 14
1 7
2 14
3 7
4 14
5 7
0 1 5
1 2 6
2 3 5
3 4 6
4 5 5
5 0 6
O141
10 10
0 0
1 0
2 21
3 103
4 2
5 21
6 103
7 2
8 29
9 29
0 2 4
1 5 4
2 3 4
3 4 4
4 5 5
5 6 4
6 7 4
7 2 5
8 2 6
9 5 6
O20 ab
4 4
0 14
1 7
2 14
3 7
0 1 5
1 2 6
2 3 5
3 0 6
O142
5 5
0 0
1 16
2 16
3 16
4 2
0 1 12
1 2 5
2 3 4
3 0 6
4 2 4
O20 ab
4 4
0 14
1 7
2 14
3 7
0 1 5
1 2 6
2 3 5
3 0 6
O143
5 5
0 99
1 59
2 16
3 29
4 2
0 1 104
1 2 4
2 3 5
3 4 4
4 1 6
O20 ab
6 6
0 14
1 7
2 14
3 7
4 14
5 7
0 1 5
1 2 6
2 3 5
3 4 6
4 5 5
5 0 6
O145
6 6
0 31
1 90
2 2
3 31
4 90
5 2
0 1 33
1 2 4
2 3 5
3 4 33
4 5 4
5 0 5
O20 ab
4 4
0 14
1 7
2 14
3 7
0 1 5
1 2 6
2 3 5
3 0 6
O146
5 5
0 105
1 0
2 0
3 15
4 24
0 1 4
1 2 6
2 3 5
3 4 4
4 1 6
O20 ab
4 4
0 14
1 7
2 14
3 7
0 1 5
1 2 6
2 3 5
3 0 6
O147
4 4
0 0
1 0
2 59
3 24
0 1 6
1 2 5
2 3 4
3 0 6
O20 ab
4 4
0 14
1 7
2 14
3 7
0 1 5
1 2 6
2 3 5
3 0 6
O148
4 4
0 0
1 0
2 10
3 18
0 1 4
1 2 6
2 3 4
3 0 4
O20 ab
6 6
0 14
1 7
2 14
3 7
4 14
5 7
0 1 5
1 2 6
2 3 5
3 4 6
4 5 5
5 0 6
O149
6 6
0 87
1 1
2 2
3 87
4 1
5 2
0 1 4
1 2 5
2 3 4
3 4 4
4 5 5
5 0 4
O20 ab
10 10
0 14
1 7
2 14
3 7
4 14
5 7
6 14
7 7
8 14
9 7
0 1 5
1 2 6
2 3 5
3 4 6
4 5 5
5 6 6
6 7 5
7 8 6
8 9 5
9 0 6
O150
12 12
0 19
1 19
2 106
3 0
4 0
5 0
6 2
7 106
8 0
9 0
10 0
11 2
0 5 6
1 10 6
2 3 6
3 4 6
4 5 4
5 6 4
6 7 4
7 8 6
8 9 6
9 10 4
10 11 4
11 2 4
O20 ab
4 4
0 14
1 7
2 14
3 7
0 1 5
1 2 6
2 3 5
3 0 6
O151
5 5
0 2
1 89
2 7
3 90
4 2
0 4 5
1 2 91
2 3 4
3 4 4
4 1 6
O20 ab
4 4
0 14
1 7
2 14
3 7
0 1 5
1 2 6
2 3 5
3 0 6
O152
5 5
0 1
1 18
2 10
3 19
4 2
0 1 5
1 2 107
2 3 6
3 4 4
4 1 4
O20 ab
10 10
0 14
1 7
2 14
3 7
4 14
5 7
6 14
7 7
8 14
9 7
0 1 5
1 2 6
2 3 5
3 4 6
4 5 5
5 6 6
6 7 5
7 8 6
8 9 5
9 0 6
O153
10 10
0 14
1 15
2 18
3 15
4 18
5 14
6 15
7 18
8 15
9 18
0 1 5
1 2 5
2 3 5
3 4 4
4 5 6
5 6 5
6 7 5
7 8 5
8 9 4
9 0 6
O20 ab
4 4
0 14
1 7
2 14
3 7
0 1 5
1 2 6
2 3 5
3 0 6
O154
5 5
0 57
1 0
2 0
3 0
4 16
0 1 4
1 2 4
2 3 4
3 4 4
4 1 6
O20 ab
6 6
0 14
1 7
2 14
3 7
4 14
5 7
0 1 5
1 2 6
2 3 5
3 4 6
4 5 5
5 0 6
O155
10 10
0 59
1 59
2 7
3 15
4 24
5 7
6 15
7 24
8 7
9 7
0 2 5
1 5 5
2 3 4
3 4 4
4 5 4
5 6 4
6 7 4
7 2 4
8 3 12
9 6 12
O20 ab
4 4
0 14
1 7
2 14
3 7
0 1 5
1 2 6
2 3 5
3 0 6
O156
5 5
0 23
1 7
2 23
3 2
4 108
0 1 12
1 2 4
2 3 4
3 0 5
4 0 4
O20 ab
4 4
0 14
1 7
2 14
3 7
0 1 5
1 2 6
2 3 5
3 0 6
O157
4 4
0 109
1 23
2 19
3 16
0 1 4
1 2 5
2 3 4
3 0 6
O20 ab
6 6
0 14
1 7
2 14
3 7
4 14
5 7
0 1 5
1 2 6
2 3 5
3 4 6
4 5 5
5 0 6
O158 ab
10 10
0 10
1 10
2 10
3 16
4 24
5 10
6 16
7 24
8 0
9 0
0 2 12
1 5 12
2 3 4
3 4 4
4 5 5
5 6 4
6 7 4
7 2 5
8 2 4
9 5 4
O20 ab
6 6
0 14
1 7
2 14
3 7
4 14
5 7
0 1 5
1 2 6
2 3 5
3 4 6
4 5 5
5 0 6
O158 ac
10 10
0 0
1 0
2 3
3 47
4 2
5 3
6 47
7 2
8 19
9 19
0 2 4
1 5 4
2 3 5
3 4 4
4 5 5
5 6 5
6 7 4
7 2 5
8 2 12
9 5 12
O20 ab
4 4
0 14
1 7
2 14
3 7
0 1 5
1 2 6
2 3 5
3 0 6
O159
5 5
0 23
1 2
2 47
3 23
4 2
0 1 5
1 2 5
2 3 4
3 4 4
4 1 4
O20 ab
4 4
0 14
1 7
2 14
3 7
0 1 5
1 2 6
2 3 5
3 0 6
O160
5 5
0 19
1 2
2 7
3 15
4 24
0 1 12
1 2 4
2 3 107
3 4 4
4 1 5
O20 ab
6 6
0 14
1 7
2 14
3 7
4 14
5 7
0 1 5
1 2 6
2 3 5
3 4 6
4 5 5
5 0 6
O161
6 6
0 110
1 29
2 2
3 110
4 29
5 2
0 1 55
1 2 4
2 3 101
3 4 55
4 5 4
5 0 101
O20 ab
4 4
0 14
1 7
2 14
3 7
0 1 5
1 2 6
2 3 5
3 0 6
O163
4 4
0 17
1 29
2 77
3 18
0 1 5
1 2 4
2 3 4
3 0 6
O20 ab
6 6
0 14
1 7
2 14
3 7
4 14
5 7
0 1 5
1 2 6
2 3 5
3 4 6
4 5 5
5 0 6
O164
10 10
0 19
1 10
2 19
3 10
4 15
5 25
6 24
7 15
8 25
9 24
0 1 12
1 4 5
2 3 12
3 7 5
4 5 12
5 6 4
6 7 4
7 8 12
8 9 4
9 4 4
O20 ab
4 4
0 14
1 7
2 14
3 7
0 1 5
1 2 6
2 3 5
3 0 6
O165
4 4
0 111
1 15
2 19
3 18
0 1 83
1 2 5
2 3 4
3 0 101
O20 ab
4 4
0 14
1 7
2 14
3 7
0 1 5
1 2 6
2 3 5
3 0 6
O166
5 5
0 7
1 7
2 16
3 24
4 19
0 1 12
1 2 5
2 3 4
3 0 4
4 2 4
O20 ab
10 10
0 14
1 7
2 14
3 7
4 14
5 7
6 14
7 7
8 14
9 7
0 1 5
1 2 6
2 3 5
3 4 6
4 5 5
5 6 6
6 7 5
7 8 6
8 9 5
9 0 6
O167
12 12
0 69
1 69
2 112
3 18
4 25
5 25
6 2
7 112
8 18
9 25
10 25
11 2
0 2 5
1 7 5
2 3 4
3 4 6
4 5 56
5 6 4
6 7 6
7 8 4
8 9 6
9 10 56
10 11 4
11 2 6
O20 ab
4 4
0 14
1 7
2 14
3 7
0 1 5
1 2 6
2 3 5
3 0 6
O168
5 5
0 23
1 18
2 74
3 23
4 2
0 1 4
1 2 5
2 3 4
3 4 4
4 1 5
O20 ab
4 4
0 14
1 7
2 14
3 7
0 1 5
1 2 6
2 3 5
3 0 6
O169
6 6
0 19
1 7
2 21
3 21
4 24
5 29
0 1 12
1 2 12
2 3 6
3 4 4
4 1 4
5 1 5
O20 ab
4 4
0 14
1 7
2 14
3 7
0 1 5
1 2 6
2 3 5
3 0 6
O170
5 5
0 2
1 29
2 25
3 2
4 25
0 1 5
1 2 4
2 3 4
3 0 5
4 0 4
O20 ab
10 10
0 14
1 7
2 14
3 7
4 14
5 7
6 14
7 7
8 14
9 7
0 1 5
1 2 6
2 3 5
3 4 6
4 5 5
5 6 6
6 7 5
7 8 6
8 9 5
9 0 6
O171
10 10
0 81
1 15
2 19
3 15
4 24
5 81
6 15
7 19
8 15
9 24
0 1 83
1 2 12
2 3 4
3 4 4
4 5 5
5 6 83
6 7 12
7 8 4
8 9 4
9 0 5
O20 ab
10 10
0 14
1 7
2 14
3 7
4 14
5 7
6 14
7 7
8 14
9 7
0 1 5
1 2 6
2 3 5
3 4 6
4 5 5
5 6 6
6 7 5
7 8 6
8 9 5
9 0 6
O172
10 10
0 11
1 113
2 10
3 11
4 18
5 11
6 113
7 10
8 11
9 18
0 1 5
1 2 114
2 3 4
3 4 4
4 5 4
5 6 5
6 7 114
7 8 4
8 9 4
9 0 4
O20 ab
4 4
0 14
1 7
2 14
3 7
0 1 5
1 2 6
2 3 5
3 0 6
O173
5 5
0 23
1 10
2 10
3 19
4 2
0 1 5
1 2 107
2 3 6
3 4 4
4 1 4
O20 ab
6 6
0 14
1 7
2 14
3 7
4 14
5 7
0 1 5
1 2 6
2 3 5
3 4 6
4 5 5
5 0 6
O174 ab
8 8
0 2
1 2
2 29
3 15
4 24
5 29
6 15
7 24
0 2 6
1 5 6
2 3 4
3 4 4
4 5 5
5 6 4
6 7 4
7 2 5
O20 ab
6 6
0 14
1 7
2 14
3 7
4 14
5 7
0 1 5
1 2 6
2 3 5
3 4 6
4 5 5
5 0 6
O174 ac
8 8
0 2
1 2
2 29
3 15
4 2
5 29
6 15
7 2
0 2 6
1 5 6
2 3 4
3 4 4
4 5 5
5 6 4
6 7 4
7 2 5
O20 ab
10 10
0 14
1 7
2 14
3 7
4 14
5 7
6 14
7 7
8 14
9 7
0 1 5
1 2 6
2 3 5
3 4 6
4 5 5
5 6 6
6 7 5
7 8 6
8 9 5
9 0 6
O175
10 10
0 10
1 74
2 21
3 21
4 24
5 10
6 74
7 21
8 21
9 24
0 1 5
1 2 4
2 3 6
3 4 4
4 5 6
5 6 5
6 7 4
7 8 6
8 9 4
9 0 6
O20 ab
4 4
0 14
1 7
2 14
3 7
0 1 5
1 2 6
2 3 5
3 0 6
O176
4 4
0 21
1 21
2 17
3 16
0 1 6
1 2 6
2 3 4
3 0 5
O20 ab
4 4
0 14
1 7
2 14
3 7
0 1 5
1 2 6
2 3 5
3 0 6
O177
4 4
0 0
1 11
2 11
3 2
0 1 4
1 2 4
2 3 4
3 0 6
O20 ab
10 10
0 14
1 7
2 14
3 7
4 14
5 7
6 14
7 7
8 14
9 7
0 1 5
1 2 6
2 3 5
3 4 6
4 5 5
5 6 6
6 7 5
7 8 6
8 9 5
9 0 6
O178
10 10
0 18
1 47
2 14
3 15
4 24
5 18
6 47
7 14
8 15
9 24
0 1 5
1 2 6
2 3 5
3 4 4
4 5 5
5 6 5
6 7 6
7 8 5
8 9 4
9 0 5
O20 ab
4 4
0 14
1 7
2 14
3 7
0 1 5
1 2 6
2 3 5
3 0 6
O180
4 4
0 115
1 0
2 1
3 18
0 1 6
1 2 4
2 3 5
3 0 5
O20 ab
4 4
0 14
1 7
2 14
3 7
0 1 5
1 2 6
2 3 5
3 0 6
O181
5 5
0 77
1 116
2 10
3 77
4 2
0 1 4
1 2 12
2 3 114
3 4 4
4 1 5
O20 ab
6 6
0 14
1 7
2 14
3 7
4 14
5 7
0 1 5
1 2 6
2 3 5
3 4 6
4 5 5
5 0 6
O182
8 8
0 2
1 29
2 2
3 2
4 29
5 2
6 117
7 117
0 1 5
1 2 4
2 3 5
3 4 5
4 5 4
5 0 5
6 0 4
7 3 4
O20 ab
4 4
0 14
1 7
2 14
3 7
0 1 5
1 2 6
2 3 5
3 0 6
O183
6 6
0 14
1 29
2 15
3 21
4 21
5 24
0 1 5
1 2 5
2 3 12
3 4 6
4 5 4
5 2 4
O20 ab
4 4
0 14
1 7
2 14
3 7
0 1 5
1 2 6
2 3 5
3 0 6
O184
4 4
0 118
1 103
2 23
3 16
0 1 4
1 2 4
2 3 4
3 0 6
O20 ab
10 10
0 14
1 7
2 14
3 7
4 14
5 7
6 14
7 7
8 14
9 7
0 1 5
1 2 6
2 3 5
3 4 6
4 5 5
5 6 6
6 7 5
7 8 6
8 9 5
9 0 6
O185
10 10
0 24
1 29
2 14
3 15
4 16
5 24
6 29
7 14
8 15
9 16
0 1 6
1 2 4
2 3 5
3 4 4
4 5 5
5 6 6
6 7 4
7 8 5
8 9 4
9 0 5
O20 ab
4 4
0 14
1 7
2 14
3 7
0 1 5
1 2 6
2 3 5
3 0 6
O186
4 4
0 95
1 10
2 77
3 28
0 1 12
1 2 4
2 3 4
3 0 4
O20 ab
6 6
0 14
1 7
2 14
3 7
4 14
5 7
0 1 5
1 2 6
2 3 5
3 4 6
4 5 5
5 0 6
O187
6 6
0 65
1 18
2 29
3 21
4 21
5 2
0 1 4
1 2 5
2 3 4
3 4 6
4 5 4
5 0 6
O20 ac
9 9
0 7
1 7
2 7
3 14
4 7
5 14
6 7
7 14
8 7
0 4 4
1 6 4
2 8 4
3 4 5
4 5 6
5 6 5
6 7 6
7 8 5
8 3 6
O21
10 10
0 15
1 15
2 15
3 19
4 24
5 15
6 19
7 24
8 2
9 2
0 2 5
1 5 5
2 3 5
3 4 4
4 5 4
5 6 5
6 7 4
7 2 4
8 3 6
9 6 6
O20 ac
15 15
0 7
1 7
2 7
3 7
4 7
5 14
6 7
7 14
8 7
9 14
10 7
11 14
12 7
13 14
14 7
0 6 4
1 8 4
2 10 4
3 12 4
4 14 4
5 6 5
6 7 6
7 8 5
8 9 6
9 10 5
10 11 6
11 12 5
12 13 6
13 14 5
14 5 6
O22
10 10
0 10
1 29
2 30
3 7
4 24
5 10
6 29
7 30
8 7
9 24
0 1 5
1 2 5
2 3 4
3 4 4
4 5 12
5 6 5
6 7 5
7 8 4
8 9 4
9 0 12
O20 ac
6 6
0 7
1 7
2 14
3 7
4 14
5 7
0 3 4
1 5 4
2 3 5
3 4 6
4 5 5
5 2 6
O23 A
6 6
0 10
1 10
2 15
3 16
4 2
5 2
0 4 12
1 2 5
2 3 4
3 4 4
4 1 12
5 2 4
O20 ac
9 9
0 7
1 7
2 7
3 14
4 7
5 14
6 7
7 14
8 7
0 4 4
1 6 4
2 8 4
3 4 5
4 5 6
5 6 5
6 7 6
7 8 5
8 3 6
O24
8 8
0 31
1 19
2 24
3 31
4 19
5 24
6 10
7 10
0 1 33
1 2 4
2 3 32
3 4 33
4 5 4
5 0 32
6 1 6
7 4 6
O20 ac
9 9
0 7
1 7
2 7
3 14
4 7
5 14
6 7
7 14
8 7
0 4 4
1 6 4
2 8 4
3 4 5
4 5 6
5 6 5
6 7 6
7 8 5
8 3 6
O25
10 10
0 19
1 19
2 10
3 11
4 2
5 10
6 11
7 2
8 0
9 0
0 2 12
1 5 12
2 3 4
3 4 4
4 5 5
5 6 4
6 7 4
7 2 5
8 2 4
9 5 4
O20 ac
9 9
0 7
1 7
2 7
3 14
4 7
5 14
6 7
7 14
8 7
0 4 4
1 6 4
2 8 4
3 4 5
4 5 6
5 6 5
6 7 6
7 8 5
8 3 6
O26
6 6
0 0
1 11
2 2
3 0
4 11
5 2
0 1 5
1 2 4
2 3 4
3 4 5
4 5 4
5 0 4
O20 ac
9 9
0 7
1 7
2 7
3 14
4 7
5 14
6 7
7 14
8 7
0 4 4
1 6 4
2 8 4
3 4 5
4 5 6
5 6 5
6 7 6
7 8 5
8 3 6
O27
12 12
0 19
1 19
2 19
3 19
4 7
5 19
6 24
7 7
8 19
9 24
10 34
11 34
0 4 6
1 6 12
2 7 6
3 9 12
4 5 12
5 6 4
6 7 5
7 8 12
8 9 4
9 4 5
10 4 4
11 7 4
O20 ac
6 6
0 7
1 7
2 14
3 7
4 14
5 7
0 3 4
1 5 4
2 3 5
3 4 6
4 5 5
5 2 6
O28 ab
4 4
0 19
1 35
2 2
3 18
0 1 4
1 2 36
2 3 4
3 0 4
O20 ac
6 6
0 7
1 7
2 14
3 7
4 14
5 7
0 3 4
1 5 4
2 3 5
3 4 6
4 5 5
5 2 6
O28 ac
4 4
0 35
1 2
2 37
3 18
0 1 36
1 2 4
2 3 4
3 0 6
O20 ac
6 6
0 7
1 7
2 14
3 7
4 14
5 7
0 3 4
1 5 4
2 3 5
3 4 6
4 5 5
5 2 6
O29
6 6
0 10
1 7
2 35
3 19
4 11
5 2
0 1 12
1 4 4
2 3 38
3 4 5
4 5 4
5 2 4
O20 ac
9 9
0 7
1 7
2 7
3 14
4 7
5 14
6 7
7 14
8 7
0 4 4
1 6 4
2 8 4
3 4 5
4 5 6
5 6 5
6 7 6
7 8 5
8 3 6
O30
8 8
0 2
1 2
2 19
3 29
4 18
5 19
6 29
7 18
0 3 6
1 6 6
2 3 5
3 4 4
4 5 5
5 6 5
6 7 4
7 2 5
O20 ac
15 15
0 7
1 7
2 7
3 7
4 7
5 14
6 7
7 14
8 7
9 14
10 7
11 14
12 7
13 14
14 7
0 6 4
1 8 4
2 10 4
3 12 4
4 14 4
5 6 5
6 7 6
7 8 5
8 9 6
9 10 5
10 11 6
11 12 5
12 13 6
13 14 5
14 5 6
O32
10 10
0 7
1 29
2 15
3 39
4 2
5 7
6 29
7 15
8 39
9 2
0 1 5
1 2 12
2 3 5
3 4 5
4 5 12
5 6 5
6 7 12
7 8 5
8 9 5
9 0 12
O20 ac
15 15
0 7
1 7
2 7
3 7
4 7
5 14
6 7
7 14
8 7
9 14
10 7
11 14
12 7
13 14
14 7
0 6 4
1 8 4
2 10 4
3 12 4
4 14 4
5 6 5
6 7 6
7 8 5
8 9 6
9 10 5
10 11 6
11 12 5
12 13 6
13 14 5
14 5 6
O35
12 12
0 0
1 0
2 0
3 0
4 2
5 0
6 0
7 0
8 0
9 2
10 40
11 40
0 1 6
1 2 4
2 3 6
3 4 4
4 5 4
5 6 6
6 7 4
7 8 6
8 9 4
9 0 4
10 0 6
11 5 6
O20 ac
9 9
0 7
1 7
2 7
3 14
4 7
5 14
6 7
7 14
8 7
0 4 4
1 6 4
2 8 4
3 4 5
4 5 6
5 6 5
6 7 6
7 8 5
8 3 6
O36
10 10
0 0
1 23
2 0
3 23
4 21
5 23
6 2
7 21
8 23
9 2
0 1 6
1 4 4
2 3 6
3 7 4
4 5 4
5 6 4
6 7 5
7 8 4
8 9 4
9 4 5
O20 ac
6 6
0 7
1 7
2 14
3 7
4 14
5 7
0 3 4
1 5 4
2 3 5
3 4 6
4 5 5
5 2 6
O37
5 5
0 24
1 7
2 15
3 24
4 35
0 1 4
1 2 5
2 3 4
3 0 5
4 0 41
