200
O109
4 4
0 84
1 10
2 44
3 2
0 1 4
1 2 4
2 3 4
3 1 5
O182
4 4
0 2
1 29
2 2
3 117
0 1 5
1 2 4
2 0 5
3 0 4
O109
16 16
0 84
1 84
2 84
3 84
4 10
5 44
6 2
7 10
8 44
9 2
10 10
11 44
12 2
13 10
14 44
15 2
0 4 4
1 7 4
2 10 4
3 13 4
4 5 4
5 6 4
6 7 5
7 8 4
8 9 4
9 10 5
10 11 4
11 12 4
12 13 5
13 14 4
14 15 4
15 4 5
O183
18 18
0 14
1 29
2 14
3 29
4 14
5 29
6 15
7 21
8 21
9 24
10 15
11 21
12 21
13 24
14 15
15 21
16 21
17 24
0 1 5
1 6 5
2 3 5
3 10 5
4 5 5
5 14 5
6 7 12
7 8 6
8 9 4
9 10 4
10 11 12
11 12 6
12 13 4
13 14 4
14 15 12
15 16 6
16 17 4
17 6 4
O109
16 16
0 84
1 84
2 84
3 84
4 10
5 44
6 2
7 10
8 44
9 2
10 10
11 44
12 2
13 10
14 44
15 2
0 4 4
1 7 4
2 10 4
3 13 4
4 5 4
5 6 4
6 7 5
7 8 4
8 9 4
9 10 5
10 11 4
11 12 4
12 13 5
13 14 4
14 15 4
15 4 5
O184
12 12
0 118
1 103
2 23
3 16
4 118
5 103
6 23
7 16
8 118
9 103
10 23
11 16
0 1 4
1 2 4
2 3 4
3 4 6
4 5 4
5 6 4
6 7 4
7 8 6
8 9 4
9 10 4
10 11 4
11 0 6
O109
20 20
0 84
1 84
2 84
3 84
4 84
5 10
6 44
7 2
8 10
9 44
10 2
11 10
12 44
13 2
14 10
15 44
16 2
17 10
18 44
19 2
0 5 4
1 8 4
2 11 4
3 14 4
4 17 4
5 6 4
6 7 4
7 8 5
8 9 4
9 10 4
10 11 5
11 12 4
12 13 4
13 14 5
14 15 4
15 16 4
16 17 5
17 18 4
18 19 4
19 5 5
O185
15 15
0 24
1 29
2 14
3 15
4 16
5 24
6 29
7 14
8 15
9 16
10 24
11 29
12 14
13 15
14 16
0 1 6
1 2 4
2 3 5
3 4 4
4 5 5
5 6 6
6 7 4
7 8 5
8 9 4
9 10 5
10 11 6
11 12 4
12 13 5
13 14 4
14 0 5
O109
16 16
0 84
1 84
2 84
3 84
4 10
5 44
6 2
7 10
8 44
9 2
10 10
11 44
12 2
13 10
14 44
15 2
0 4 4
1 7 4
2 10 4
3 13 4
4 5 4
5 6 4
6 7 5
7 8 4
8 9 4
9 10 5
10 11 4
11 12 4
12 13 5
13 14 4
14 15 4
15 4 5
O186
12 12
0 95
1 10
2 77
3 28
4 95
5 10
6 77
7 28
8 95
9 10
10 77
11 28
0 1 12
1 2 4
2 3 4
3 4 4
4 5 12
5 6 4
6 7 4
7 8 4
8 9 12
9 10 4
10 11 4
11 0 4
O109
8 8
0 84
1 84
2 10
3 44
4 2
5 10
6 44
7 2
0 2 4
1 5 4
2 3 4
3 4 4
4 5 5
5 6 4
6 7 4
7 2 5
O187
6 6
0 65
1 18
2 29
3 21
4 21
5 2
0 1 4
1 2 5
2 3 4
3 4 6
4 5 4
5 0 6
O110
12 12
0 85
1 7
2 7
3 2
4 85
5 7
6 7
7 2
8 85
9 7
10 7
11 2
0 1 5
1 2 4
2 3 4
3 4 5
4 5 5
5 6 4
6 7 4
7 8 5
8 9 5
9 10 4
10 11 4
11 0 5
O111
20 20
0 52
1 52
2 52
3 52
4 10
5 7
6 2
7 10
8 7
9 2
10 10
11 7
12 2
13 10
14 7
15 2
16 52
17 52
18 52
19 52
0 4 12
1 7 12
2 10 12
3 13 12
4 5 5
5 6 4
6 7 5
7 8 5
8 9 4
9 10 5
10 11 5
11 12 4
12 13 5
13 14 5
14 15 4
15 4 5
16 4 4
17 7 4
18 10 4
19 13 4
O110
4 4
0 85
1 7
2 7
3 2
0 1 5
1 2 4
2 3 4
3 0 5
O112 ab
5 5
0 2
1 16
2 10
3 86
4 24
0 1 4
1 2 5
2 3 5
3 4 4
4 1 5
O110
4 4
0 85
1 7
2 7
3 2
0 1 5
1 2 4
2 3 4
3 0 5
O112 ac
5 5
0 87
1 16
2 10
3 15
4 24
0 1 4
1 2 5
2 3 5
3 4 4
4 1 5
O110
4 4
0 85
1 7
2 7
3 2
0 1 5
1 2 4
2 3 4
3 0 5
O113
5 5
0 16
1 47
2 7
3 2
4 15
0 1 5
1 2 4
2 3 4
3 0 5
4 0 4
O110
4 4
0 85
1 7
2 7
3 2
0 1 5
1 2 4
2 3 4
3 0 5
O114
4 4
0 88
1 14
2 15
3 18
0 1 4
1 2 5
2 3 4
3 0 5
O110
4 4
0 85
1 7
2 7
3 2
0 1 5
1 2 4
2 3 4
3 0 5
O115
5 5
0 1
1 2
2 47
3 21
4 2
0 1 5
1 2 5
2 3 4
3 4 4
4 1 4
O110
20 20
0 85
1 7
2 7
3 2
4 85
5 7
6 7
7 2
8 85
9 7
10 7
11 2
12 85
13 7
14 7
15 2
16 85
17 7
18 7
19 2
0 1 5
1 2 4
2 3 4
3 4 5
4 5 5
5 6 4
6 7 4
7 8 5
8 9 5
9 10 4
10 11 4
11 12 5
12 13 5
13 14 4
14 15 4
15 16 5
16 17 5
17 18 4
18 19 4
19 0 5
O116
20 20
0 20
1 18
2 16
3 47
4 2
5 20
6 18
7 16
8 47
9 2
10 20
11 18
12 16
13 47
14 2
15 20
16 18
17 16
18 47
19 2
0 1 12
1 2 5
2 3 5
3 4 4
4 5 6
5 6 12
6 7 5
7 8 5
8 9 4
9 10 6
10 11 12
11 12 5
12 13 5
13 14 4
14 15 6
15 16 12
16 17 5
17 18 5
18 19 4
19 0 6
O110
20 20
0 85
1 7
2 7
3 2
4 85
5 7
6 7
7 2
8 85
9 7
10 7
11 2
12 85
13 7
14 7
15 2
16 85
17 7
18 7
19 2
0 1 5
1 2 4
2 3 4
3 4 5
4 5 5
5 6 4
6 7 4
7 8 5
8 9 5
9 10 4
10 11 4
11 12 5
12 13 5
13 14 4
14 15 4
15 16 5
16 17 5
17 18 4
18 19 4
19 0 5
O117
20 20
0 24
1 0
2 10
3 15
4 16
5 24
6 0
7 10
8 15
9 16
10 24
11 0
12 10
13 15
14 16
15 24
16 0
17 10
18 15
19 16
0 1 4
1 2 5
2 3 5
3 4 4
4 5 5
5 6 4
6 7 5
7 8 5
8 9 4
9 10 5
10 11 4
11 12 5
12 13 5
13 14 4
14 15 5
15 16 4
16 17 5
17 18 5
18 19 4
19 0 5
O110
4 4
0 85
1 7
2 7
3 2
0 1 5
1 2 4
2 3 4
3 0 5
O118
4 4
0 89
1 7
2 90
3 2
0 1 91
1 2 4
2 3 4
3 0 4
O110
4 4
0 85
1 7
2 7
3 2
0 1 5
1 2 4
2 3 4
3 0 5
O119
5 5
0 92
1 17
2 7
3 0
4 18
0 1 4
1 2 4
2 3 5
3 4 4
4 1 6
O110
20 20
0 85
1 7
2 7
3 2
4 85
5 7
6 7
7 2
8 85
9 7
10 7
11 2
12 85
13 7
14 7
15 2
16 85
17 7
18 7
19 2
0 1 5
1 2 4
2 3 4
3 4 5
4 5 5
5 6 4
6 7 4
7 8 5
8 9 5
9 10 4
10 11 4
11 12 5
12 13 5
13 14 4
14 15 4
15 16 5
16 17 5
17 18 4
18 19 4
19 0 5
O120
24 24
0 0
1 0
2 0
3 0
4 10
5 0
6 0
7 7
8 24
9 10
10 0
11 0
12 7
13 24
14 10
15 0
16 0
17 7
18 24
19 10
20 0
21 0
22 7
23 24
0 4 5
1 9 5
2 14 5
3 19 5
4 5 6
5 6 6
6 7 6
7 8 4
8 9 4
9 10 6
10 11 6
11 12 6
12 13 4
13 14 4
14 15 6
15 16 6
16 17 6
17 18 4
18 19 4
19 20 6
20 21 6
21 22 6
22 23 4
23 4 4
O110
4 4
0 85
1 7
2 7
3 2
0 1 5
1 2 4
2 3 4
3 0 5
O121
4 4
0 93
1 94
2 78
3 18
0 1 5
1 2 5
2 3 4
3 0 4
O110
4 4
0 85
1 7
2 7
3 2
0 1 5
1 2 4
2 3 4
3 0 5
O123
4 4
0 95
1 18
2 77
3 18
0 1 12
1 2 4
2 3 4
3 0 4
O110
12 12
0 85
1 7
2 7
3 2
4 85
5 7
6 7
7 2
8 85
9 7
10 7
11 2
0 1 5
1 2 4
2 3 4
3 4 5
4 5 5
5 6 4
6 7 4
7 8 5
8 9 5
9 10 4
10 11 4
11 0 5
O124
20 20
0 96
1 10
2 96
3 10
4 96
5 10
6 96
7 10
8 15
9 25
10 24
11 15
12 25
13 24
14 15
15 25
16 24
17 15
18 25
19 24
0 1 12
1 8 5
2 3 12
3 11 5
4 5 12
5 14 5
6 7 12
7 17 5
8 9 12
9 10 4
10 11 4
11 12 12
12 13 4
13 14 4
14 15 12
15 16 4
16 17 4
17 18 12
18 19 4
19 8 4
O110
4 4
0 85
1 7
2 7
3 2
0 1 5
1 2 4
2 3 4
3 0 5
O125 ab
6 6
0 10
1 24
2 21
3 23
4 16
5 15
0 2 4
1 2 6
2 3 4
3 4 4
4 1 5
5 1 4
O110
4 4
0 85
1 7
2 7
3 2
0 1 5
1 2 4
2 3 4
3 0 5
O126
5 5
0 17
1 15
2 18
3 2
4 23
0 1 4
1 2 4
2 3 4
3 0 6
4 1 6
O110
12 12
0 85
1 7
2 7
3 2
4 85
5 7
6 7
7 2
8 85
9 7
10 7
11 2
0 1 5
1 2 4
2 3 4
3 4 5
4 5 5
5 6 4
6 7 4
7 8 5
8 9 5
9 10 4
10 11 4
11 0 5
O126.2
16 16
0 17
1 7
2 2
3 17
4 7
5 2
6 17
7 7
8 2
9 17
10 7
11 2
12 97
13 97
14 97
15 97
0 1 4
1 2 4
2 3 6
3 4 4
4 5 4
5 6 6
6 7 4
7 8 4
8 9 6
9 10 4
10 11 4
11 0 6
12 1 6
13 4 6
14 7 6
15 10 6
O110
4 4
0 85
1 7
2 7
3 2
0 1 5
1 2 4
2 3 4
3 0 5
O127
4 4
0 23
1 15
2 16
3 16
0 1 6
1 2 4
2 3 4
3 0 6
O110
4 4
0 85
1 7
2 7
3 2
0 1 5
1 2 4
2 3 4
3 0 5
O128 ab
5 5
0 15
1 24
2 7
3 24
4 23
0 1 4
1 2 5
2 3 4
3 0 12
4 0 6
O110
4 4
0 85
1 7
2 7
3 2
0 1 5
1 2 4
2 3 4
3 0 5
O128 ab.2
5 5
0 15
1 24
2 16
3 24
4 23
0 1 4
1 2 5
2 3 4
3 0 12
4 0 6
O110
4 4
0 85
1 7
2 7
3 2
0 1 5
1 2 4
2 3 4
3 0 5
O128 ac
5 5
0 15
1 24
2 7
3 24
4 23
0 1 4
1 2 5
2 3 4
3 0 12
4 0 6
O110
4 4
0 85
1 7
2 7
3 2
0 1 5
1 2 4
2 3 4
3 0 5
O129
5 5
0 10
1 98
2 0
3 0
4 2
0 2 4
1 2 6
2 3 4
3 4 4
4 1 6
O110
12 12
0 85
1 7
2 7
3 2
4 85
5 7
6 7
7 2
8 85
9 7
10 7
11 2
0 1 5
1 2 4
2 3 4
3 4 5
4 5 5
5 6 4
6 7 4
7 8 5
8 9 5
9 10 4
10 11 4
11 0 5
O130
20 20
0 99
1 24
2 99
3 24
4 99
5 24
6 99
7 24
8 7
9 19
10 24
11 7
12 19
13 24
14 7
15 19
16 24
17 7
18 19
19 24
0 1 100
1 8 4
2 3 100
3 11 4
4 5 100
5 14 4
6 7 100
7 17 4
8 9 12
9 10 4
10 11 5
11 12 12
12 13 4
13 14 5
14 15 12
15 16 4
16 17 5
17 18 12
18 19 4
19 8 5
O110
4 4
0 85
1 7
2 7
3 2
0 1 5
1 2 4
2 3 4
3 0 5
O131
4 4
0 31
1 15
2 15
3 24
0 1 83
1 2 12
2 3 4
3 0 101
O110
20 20
0 85
1 7
2 7
3 2
4 85
5 7
6 7
7 2
8 85
9 7
10 7
11 2
12 85
13 7
14 7
15 2
16 85
17 7
18 7
19 2
0 1 5
1 2 4
2 3 4
3 4 5
4 5 5
5 6 4
6 7 4
7 8 5
8 9 5
9 10 4
10 11 4
11 12 5
12 13 5
13 14 4
14 15 4
15 16 5
16 17 5
17 18 4
18 19 4
19 0 5
O132
20 20
0 69
1 26
2 10
3 0
4 2
5 69
6 26
7 10
8 0
9 2
10 69
11 26
12 10
13 0
14 2
15 69
16 26
17 10
18 0
19 2
0 1 4
1 2 5
2 3 6
3 4 4
4 5 6
5 6 4
6 7 5
7 8 6
8 9 4
9 10 6
10 11 4
11 12 5
12 13 6
13 14 4
14 15 6
15 16 4
16 17 5
17 18 6
18 19 4
19 0 6
O110
20 20
0 85
1 7
2 7
3 2
4 85
5 7
6 7
7 2
8 85
9 7
10 7
11 2
12 85
13 7
14 7
15 2
16 85
17 7
18 7
19 2
0 1 5
1 2 4
2 3 4
3 4 5
4 5 5
5 6 4
6 7 4
7 8 5
8 9 5
9 10 4
10 11 4
11 12 5
12 13 5
13 14 4
14 15 4
15 16 5
16 17 5
17 18 4
18 19 4
19 0 5
O133
24 24
0 0
1 0
2 0
3 47
4 18
5 0
6 0
7 0
8 47
9 18
10 0
11 0
12 0
13 47
14 18
15 0
16 0
17 0
18 47
19 18
20 10
21 10
22 10
23 10
0 1 6
1 2 6
2 3 5
3 4 4
4 5 4
5 6 6
6 7 6
7 8 5
8 9 4
9 10 4
10 11 6
11 12 6
12 13 5
13 14 4
14 15 4
15 16 6
16 17 6
17 18 5
18 19 4
19 0 4
20 3 4
21 8 4
22 13 4
23 18 4
O110
4 4
0 85
1 7
2 7
3 2
0 1 5
1 2 4
2 3 4
3 0 5
O134
4 4
0 46
1 15
2 19
3 24
0 1 12
1 2 12
2 3 4
3 0 5
O110
4 4
0 85
1 7
2 7
3 2
0 1 5
1 2 4
2 3 4
3 0 5
O135
5 5
0 10
1 0
2 0
3 26
4 2
0 4 12
1 2 6
2 3 4
3 4 4
4 1 6
O110
12 12
0 85
1 7
2 7
3 2
4 85
5 7
6 7
7 2
8 85
9 7
10 7
11 2
0 1 5
1 2 4
2 3 4
3 4 5
4 5 5
5 6 4
6 7 4
7 8 5
8 9 5
9 10 4
10 11 4
11 0 5
O136
12 12
0 102
1 15
2 2
3 102
4 15
5 2
6 102
7 15
8 2
9 102
10 15
11 2
0 1 55
1 2 5
2 3 5
3 4 55
4 5 5
5 6 5
6 7 55
7 8 5
8 9 5
9 10 55
10 11 5
11 0 5
O110
12 12
0 85
1 7
2 7
3 2
4 85
5 7
6 7
7 2
8 85
9 7
10 7
11 2
0 1 5
1 2 4
2 3 4
3 4 5
4 5 5
5 6 4
6 7 4
7 8 5
8 9 5
9 10 4
10 11 4
11 0 5
O137
16 16
0 19
1 19
2 19
3 19
4 18
5 29
6 2
7 18
8 29
9 2
10 18
11 29
12 2
13 18
14 29
15 2
0 4 5
1 7 5
2 10 5
3 13 5
4 5 5
5 6 5
6 7 12
7 8 5
8 9 5
9 10 12
10 11 5
11 12 5
12 13 12
13 14 5
14 15 5
15 4 12
O110
4 4
0 85
1 7
2 7
3 2
0 1 5
1 2 4
2 3 4
3 0 5
O138
4 4
0 0
1 0
2 78
3 2
0 1 4
1 2 5
2 3 4
3 0 6
O110
12 12
0 85
1 7
2 7
3 2
4 85
5 7
6 7
7 2
8 85
9 7
10 7
11 2
0 1 5
1 2 4
2 3 4
3 4 5
4 5 5
5 6 4
6 7 4
7 8 5
8 9 5
9 10 4
10 11 4
11 0 5
O139
14 14
0 19
1 19
2 0
3 47
4 0
5 0
6 0
7 18
8 0
9 47
10 0
11 0
12 0
13 18
0 4 4
1 10 4
2 3 5
3 4 6
4 5 4
5 6 6
6 7 4
7 8 4
8 9 5
9 10 6
10 11 4
11 12 6
12 13 4
13 2 4
O110
4 4
0 85
1 7
2 7
3 2
0 1 5
1 2 4
2 3 4
3 0 5
O140
6 6
0 69
1 0
2 15
3 10
4 29
5 24
0 1 6
1 2 5
2 3 5
3 4 5
4 5 4
5 2 4
O110
12 12
0 85
1 7
2 7
3 2
4 85
5 7
6 7
7 2
8 85
9 7
10 7
11 2
0 1 5
1 2 4
2 3 4
3 4 5
4 5 5
5 6 4
6 7 4
7 8 5
8 9 5
9 10 4
10 11 4
11 0 5
O141
20 20
0 0
1 0
2 0
3 0
4 21
5 103
6 2
7 21
8 103
9 2
10 21
11 103
12 2
13 21
14 103
15 2
16 29
17 29
18 29
19 29
0 4 4
1 7 4
2 10 4
3 13 4
4 5 4
5 6 4
6 7 5
7 8 4
8 9 4
9 10 5
10 11 4
11 12 4
12 13 5
13 14 4
14 15 4
15 4 5
16 4 6
17 7 6
18 10 6
19 13 6
O110
4 4
0 85
1 7
2 7
3 2
0 1 5
1 2 4
2 3 4
3 0 5
O142
5 5
0 0
1 16
2 16
3 16
4 2
0 1 12
1 2 5
2 3 4
3 0 6
4 2 4
O110
4 4
0 85
1 7
2 7
3 2
0 1 5
1 2 4
2 3 4
3 0 5
O143
5 5
0 99
1 59
2 16
3 29
4 2
0 1 104
1 2 4
2 3 5
3 4 4
4 1 6
O110
12 12
0 85
1 7
2 7
3 2
4 85
5 7
6 7
7 2
8 85
9 7
10 7
11 2
0 1 5
1 2 4
2 3 4
3 4 5
4 5 5
5 6 4
6 7 4
7 8 5
8 9 5
9 10 4
10 11 4
11 0 5
O145
12 12
0 31
1 90
2 2
3 31
4 90
5 2
6 31
7 90
8 2
9 31
10 90
11 2
0 1 33
1 2 4
2 3 5
3 4 33
4 5 4
5 6 5
6 7 33
7 8 4
8 9 5
9 10 33
10 11 4
11 0 5
O110
4 4
0 85
1 7
2 7
3 2
0 1 5
1 2 4
2 3 4
3 0 5
O146
5 5
0 105
1 0
2 0
3 15
4 24
0 1 4
1 2 6
2 3 5
3 4 4
4 1 6
O110
4 4
0 85
1 7
2 7
3 2
0 1 5
1 2 4
2 3 4
3 0 5
O147
4 4
0 0
1 0
2 59
3 24
0 1 6
1 2 5
2 3 4
3 0 6
O110
4 4
0 85
1 7
2 7
3 2
0 1 5
1 2 4
2 3 4
3 0 5
O148
4 4
0 0
1 0
2 10
3 18
0 1 4
1 2 6
2 3 4
3 0 4
O110
12 12
0 85
1 7
2 7
3 2
4 85
5 7
6 7
7 2
8 85
9 7
10 7
11 2
0 1 5
1 2 4
2 3 4
3 4 5
4 5 5
5 6 4
6 7 4
7 8 5
8 9 5
9 10 4
10 11 4
11 0 5
O149
12 12
0 87
1 1
2 2
3 87
4 1
5 2
6 87
7 1
8 2
9 87
10 1
11 2
0 1 4
1 2 5
2 3 4
3 4 4
4 5 5
5 6 4
6 7 4
7 8 5
8 9 4
9 10 4
10 11 5
11 0 4
O110
20 20
0 85
1 7
2 7
3 2
4 85
5 7
6 7
7 2
8 85
9 7
10 7
11 2
12 85
13 7
14 7
15 2
16 85
17 7
18 7
19 2
0 1 5
1 2 4
2 3 4
3 4 5
4 5 5
5 6 4
6 7 4
7 8 5
8 9 5
9 10 4
10 11 4
11 12 5
12 13 5
13 14 4
14 15 4
15 16 5
16 17 5
17 18 4
18 19 4
19 0 5
O150
24 24
0 19
1 19
2 19
3 19
4 106
5 0
6 0
7 0
8 2
9 106
10 0
11 0
12 0
13 2
14 106
15 0
16 0
17 0
18 2
19 106
20 0
21 0
22 0
23 2
0 7 6
1 12 6
2 17 6
3 22 6
4 5 6
5 6 6
6 7 4
7 8 4
8 9 4
9 10 6
10 11 6
11 12 4
12 13 4
13 14 4
14 15 6
15 16 6
16 17 4
17 18 4
18 19 4
19 20 6
20 21 6
21 22 4
22 23 4
23 4 4
O110
4 4
0 85
1 7
2 7
3 2
0 1 5
1 2 4
2 3 4
3 0 5
O151
5 5
0 2
1 89
2 7
3 90
4 2
0 4 5
1 2 91
2 3 4
3 4 4
4 1 6
O110
4 4
0 85
1 7
2 7
3 2
0 1 5
1 2 4
2 3 4
3 0 5
O152
5 5
0 1
1 18
2 10
3 19
4 2
0 1 5
1 2 107
2 3 6
3 4 4
4 1 4
O110
20 20
0 85
1 7
2 7
3 2
4 85
5 7
6 7
7 2
8 85
9 7
10 7
11 2
12 85
13 7
14 7
15 2
16 85
17 7
18 7
19 2
0 1 5
1 2 4
2 3 4
3 4 5
4 5 5
5 6 4
6 7 4
7 8 5
8 9 5
9 10 4
10 11 4
11 12 5
12 13 5
13 14 4
14 15 4
15 16 5
16 17 5
17 18 4
18 19 4
19 0 5
O153
20 20
0 14
1 15
2 18
3 15
4 18
5 14
6 15
7 18
8 15
9 18
10 14
11 15
12 18
13 15
14 18
15 14
16 15
17 18
18 15
19 18
0 1 5
1 2 5
2 3 5
3 4 4
4 5 6
5 6 5
6 7 5
7 8 5
8 9 4
9 10 6
10 11 5
11 12 5
12 13 5
13 14 4
14 15 6
15 16 5
16 17 5
17 18 5
18 19 4
19 0 6
O110
4 4
0 85
1 7
2 7
3 2
0 1 5
1 2 4
2 3 4
3 0 5
O154
5 5
0 57
1 0
2 0
3 0
4 16
0 1 4
1 2 4
2 3 4
3 4 4
4 1 6
O110
12 12
0 85
1 7
2 7
3 2
4 85
5 7
6 7
7 2
8 85
9 7
10 7
11 2
0 1 5
1 2 4
2 3 4
3 4 5
4 5 5
5 6 4
6 7 4
7 8 5
8 9 5
9 10 4
10 11 4
11 0 5
O155
20 20
0 59
1 59
2 59
3 59
4 7
5 15
6 24
7 7
8 15
9 24
10 7
11 15
12 24
13 7
14 15
15 24
16 7
17 7
18 7
19 7
0 4 5
1 7 5
2 10 5
3 13 5
4 5 4
5 6 4
6 7 4
7 8 4
8 9 4
9 10 4
10 11 4
11 12 4
12 13 4
13 14 4
14 15 4
15 4 4
16 5 12
17 8 12
18 11 12
19 14 12
O110
4 4
0 85
1 7
2 7
3 2
0 1 5
1 2 4
2 3 4
3 0 5
O156
5 5
0 23
1 7
2 23
3 2
4 108
0 1 12
1 2 4
2 3 4
3 0 5
4 0 4
O110
4 4
0 85
1 7
2 7
3 2
0 1 5
1 2 4
2 3 4
3 0 5
O157
4 4
0 109
1 23
2 19
3 16
0 1 4
1 2 5
2 3 4
3 0 6
O110
12 12
0 85
1 7
2 7
3 2
4 85
5 7
6 7
7 2
8 85
9 7
10 7
11 2
0 1 5
1 2 4
2 3 4
3 4 5
4 5 5
5 6 4
6 7 4
7 8 5
8 9 5
9 10 4
10 11 4
11 0 5
O158 ab
20 20
0 10
1 10
2 10
3 10
4 10
5 16
6 24
7 10
8 16
9 24
10 10
11 16
12 24
13 10
14 16
15 24
16 0
17 0
18 0
19 0
0 4 12
1 7 12
2 10 12
3 13 12
4 5 4
5 6 4
6 7 5
7 8 4
8 9 4
9 10 5
10 11 4
11 12 4
12 13 5
13 14 4
14 15 4
15 4 5
16 4 4
17 7 4
18 10 4
19 13 4
O110
12 12
0 85
1 7
2 7
3 2
4 85
5 7
6 7
7 2
8 85
9 7
10 7
11 2
0 1 5
1 2 4
2 3 4
3 4 5
4 5 5
5 6 4
6 7 4
7 8 5
8 9 5
9 10 4
10 11 4
11 0 5
O158 ac
20 20
0 0
1 0
2 0
3 0
4 3
5 47
6 2
7 3
8 47
9 2
10 3
11 47
12 2
13 3
14 47
15 2
16 19
17 19
18 19
19 19
0 4 4
1 7 4
2 10 4
3 13 4
4 5 5
5 6 4
6 7 5
7 8 5
8 9 4
9 10 5
10 11 5
11 12 4
12 13 5
13 14 5
14 15 4
15 4 5
16 4 12
17 7 12
18 10 12
19 13 12
O110
4 4
0 85
1 7
2 7
3 2
0 1 5
1 2 4
2 3 4
3 0 5
O159
5 5
0 23
1 2
2 47
3 23
4 2
0 1 5
1 2 5
2 3 4
3 4 4
4 1 4
O110
4 4
0 85
1 7
2 7
3 2
0 1 5
1 2 4
2 3 4
3 0 5
O160
5 5
0 19
1 2
2 7
3 15
4 24
0 1 12
1 2 4
2 3 107
3 4 4
4 1 5
O110
12 12
0 85
1 7
2 7
3 2
4 85
5 7
6 7
7 2
8 85
9 7
10 7
11 2
0 1 5
1 2 4
2 3 4
3 4 5
4 5 5
5 6 4
6 7 4
7 8 5
8 9 5
9 10 4
10 11 4
11 0 5
O161
12 12
0 110
1 29
2 2
3 110
4 29
5 2
6 110
7 29
8 2
9 110
10 29
11 2
0 1 55
1 2 4
2 3 101
3 4 55
4 5 4
5 6 101
6 7 55
7 8 4
8 9 101
9 10 55
10 11 4
11 0 101
O110
4 4
0 85
1 7
2 7
3 2
0 1 5
1 2 4
2 3 4
3 0 5
O163
4 4
0 17
1 29
2 77
3 18
0 1 5
1 2 4
2 3 4
3 0 6
O110
12 12
0 85
1 7
2 7
3 2
4 85
5 7
6 7
7 2
8 85
9 7
10 7
11 2
0 1 5
1 2 4
2 3 4
3 4 5
4 5 5
5 6 4
6 7 4
7 8 5
8 9 5
9 10 4
10 11 4
11 0 5
O164
20 20
0 19
1 10
2 19
3 10
4 19
5 10
6 19
7 10
8 15
9 25
10 24
11 15
12 25
13 24
14 15
15 25
16 24
17 15
18 25
19 24
0 1 12
1 8 5
2 3 12
3 11 5
4 5 12
5 14 5
6 7 12
7 17 5
8 9 12
9 10 4
10 11 4
11 12 12
12 13 4
13 14 4
14 15 12
15 16 4
16 17 4
17 18 12
18 19 4
19 8 4
O110
4 4
0 85
1 7
2 7
3 2
0 1 5
1 2 4
2 3 4
3 0 5
O165
4 4
0 111
1 15
2 19
3 18
0 1 83
1 2 5
2 3 4
3 0 101
O110
4 4
0 85
1 7
2 7
3 2
0 1 5
1 2 4
2 3 4
3 0 5
O166
5 5
0 7
1 7
2 16
3 24
4 19
0 1 12
1 2 5
2 3 4
3 0 4
4 2 4
O110
20 20
0 85
1 7
2 7
3 2
4 85
5 7
6 7
7 2
8 85
9 7
10 7
11 2
12 85
13 7
14 7
15 2
16 85
17 7
18 7
19 2
0 1 5
1 2 4
2 3 4
3 4 5
4 5 5
5 6 4
6 7 4
7 8 5
8 9 5
9 10 4
10 11 4
11 12 5
12 13 5
13 14 4
14 15 4
15 16 5
16 17 5
17 18 4
18 19 4
19 0 5
O167
24 24
0 69
1 69
2 69
3 69
4 112
5 18
6 25
7 25
8 2
9 112
10 18
11 25
12 25
13 2
14 112
15 18
16 25
17 25
18 2
19 112
20 18
21 25
22 25
23 2
0 4 5
1 9 5
2 14 5
3 19 5
4 5 4
5 6 6
6 7 56
7 8 4
8 9 6
9 10 4
10 11 6
11 12 56
12 13 4
13 14 6
14 15 4
15 16 6
16 17 56
17 18 4
18 19 6
19 20 4
20 21 6
21 22 56
22 23 4
23 4 6
O110
4 4
0 85
1 7
2 7
3 2
0 1 5
1 2 4
2 3 4
3 0 5
O168
5 5
0 23
1 18
2 74
3 23
4 2
0 1 4
1 2 5
2 3 4
3 4 4
4 1 5
O110
4 4
0 85
1 7
2 7
3 2
0 1 5
1 2 4
2 3 4
3 0 5
O169
6 6
0 19
1 7
2 21
3 21
4 24
5 29
0 1 12
1 2 12
2 3 6
3 4 4
4 1 4
5 1 5
O110
4 4
0 85
1 7
2 7
3 2
0 1 5
1 2 4
2 3 4
3 0 5
O170
5 5
0 2
1 29
2 25
3 2
4 25
0 1 5
1 2 4
2 3 4
3 0 5
4 0 4
O110
20 20
0 85
1 7
2 7
3 2
4 85
5 7
6 7
7 2
8 85
9 7
10 7
11 2
12 85
13 7
14 7
15 2
16 85
17 7
18 7
19 2
0 1 5
1 2 4
2 3 4
3 4 5
4 5 5
5 6 4
6 7 4
7 8 5
8 9 5
9 10 4
10 11 4
11 12 5
12 13 5
13 14 4
14 15 4
15 16 5
16 17 5
17 18 4
18 19 4
19 0 5
O171
20 20
0 81
1 15
2 19
3 15
4 24
5 81
6 15
7 19
8 15
9 24
10 81
11 15
12 19
13 15
14 24
15 81
16 15
17 19
18 15
19 24
0 1 83
1 2 12
2 3 4
3 4 4
4 5 5
5 6 83
6 7 12
7 8 4
8 9 4
9 10 5
10 11 83
11 12 12
12 13 4
13 14 4
14 15 5
15 16 83
16 17 12
17 18 4
18 19 4
19 0 5
O110
20 20
0 85
1 7
2 7
3 2
4 85
5 7
6 7
7 2
8 85
9 7
10 7
11 2
12 85
13 7
14 7
15 2
16 85
17 7
18 7
19 2
0 1 5
1 2 4
2 3 4
3 4 5
4 5 5
5 6 4
6 7 4
7 8 5
8 9 5
9 10 4
10 11 4
11 12 5
12 13 5
13 14 4
14 15 4
15 16 5
16 17 5
17 18 4
18 19 4
19 0 5
O172
20 20
0 11
1 113
2 10
3 11
4 18
5 11
6 113
7 10
8 11
9 18
10 11
11 113
12 10
13 11
14 18
15 11
16 113
17 10
18 11
19 18
0 1 5
1 2 114
2 3 4
3 4 4
4 5 4
5 6 5
6 7 114
7 8 4
8 9 4
9 10 4
10 11 5
11 12 114
12 13 4
13 14 4
14 15 4
15 16 5
16 17 114
17 18 4
18 19 4
19 0 4
O110
4 4
0 85
1 7
2 7
3 2
0 1 5
1 2 4
2 3 4
3 0 5
O173
5 5
0 23
1 10
2 10
3 19
4 2
0 1 5
1 2 107
2 3 6
3 4 4
4 1 4
O110
12 12
0 85
1 7
2 7
3 2
4 85
5 7
6 7
7 2
8 85
9 7
10 7
11 2
0 1 5
1 2 4
2 3 4
3 4 5
4 5 5
5 6 4
6 7 4
7 8 5
8 9 5
9 10 4
10 11 4
11 0 5
O174 ab
16 16
0 2
1 2
2 2
3 2
4 29
5 15
6 24
7 29
8 15
9 24
10 29
11 15
12 24
13 29
14 15
15 24
0 4 6
1 7 6
2 10 6
3 13 6
4 5 4
5 6 4
6 7 5
7 8 4
8 9 4
9 10 5
10 11 4
11 12 4
12 13 5
13 14 4
14 15 4
15 4 5
O110
12 12
0 85
1 7
2 7
3 2
4 85
5 7
6 7
7 2
8 85
9 7
10 7
11 2
0 1 5
1 2 4
2 3 4
3 4 5
4 5 5
5 6 4
6 7 4
7 8 5
8 9 5
9 10 4
10 11 4
11 0 5
O174 ac
16 16
0 2
1 2
2 2
3 2
4 29
5 15
6 2
7 29
8 15
9 2
10 29
11 15
12 2
13 29
14 15
15 2
0 4 6
1 7 6
2 10 6
3 13 6
4 5 4
5 6 4
6 7 5
7 8 4
8 9 4
9 10 5
10 11 4
11 12 4
12 13 5
13 14 4
14 15 4
15 4 5
O110
20 20
0 85
1 7
2 7
3 2
4 85
5 7
6 7
7 2
8 85
9 7
10 7
11 2
12 85
13 7
14 7
15 2
16 85
17 7
18 7
19 2
0 1 5
1 2 4
2 3 4
3 4 5
4 5 5
5 6 4
6 7 4
7 8 5
8 9 5
9 10 4
10 11 4
11 12 5
12 13 5
13 14 4
14 15 4
15 16 5
16 17 5
17 18 4
18 19 4
19 0 5
O175
20 20
0 10
1 74
2 21
3 21
4 24
5 10
6 74
7 21
8 21
9 24
10 10
11 74
12 21
13 21
14 24
15 10
16 74
17 21
18 21
19 24
0 1 5
1 2 4
2 3 6
3 4 4
4 5 6
5 6 5
6 7 4
7 8 6
8 9 4
9 10 6
10 11 5
11 12 4
12 13 6
13 14 4
14 15 6
15 16 5
16 17 4
17 18 6
18 19 4
19 0 6
O110
4 4
0 85
1 7
2 7
3 2
0 1 5
1 2 4
2 3 4
3 0 5
O176
4 4
0 21
1 21
2 17
3 16
0 1 6
1 2 6
2 3 4
3 0 5
O110
4 4
0 85
1 7
2 7
3 2
0 1 5
1 2 4
2 3 4
3 0 5
O177
4 4
0 0
1 11
2 11
3 2
0 1 4
1 2 4
2 3 4
3 0 6
O110
20 20
0 85
1 7
2 7
3 2
4 85
5 7
6 7
7 2
8 85
9 7
10 7
11 2
12 85
13 7
14 7
15 2
16 85
17 7
18 7
19 2
0 1 5
1 2 4
2 3 4
3 4 5
4 5 5
5 6 4
6 7 4
7 8 5
8 9 5
9 10 4
10 11 4
11 12 5
12 13 5
13 14 4
14 15 4
15 16 5
16 17 5
17 18 4
18 19 4
19 0 5
O178
20 20
0 18
1 47
2 14
3 15
4 24
5 18
6 47
7 14
8 15
9 24
10 18
11 47
12 14
13 15
14 24
15 18
16 47
17 14
18 15
19 24
0 1 5
1 2 6
2 3 5
3 4 4
4 5 5
5 6 5
6 7 6
7 8 5
8 9 4
9 10 5
10 11 5
11 12 6
12 13 5
13 14 4
14 15 5
15 16 5
16 17 6
17 18 5
18 19 4
19 0 5
O110
4 4
0 85
1 7
2 7
3 2
0 1 5
1 2 4
2 3 4
3 0 5
O180
4 4
0 115
1 0
2 1
3 18
0 1 6
1 2 4
2 3 5
3 0 5
O110
4 4
0 85
1 7
2 7
3 2
0 1 5
1 2 4
2 3 4
3 0 5
O181
5 5
0 77
1 116
2 10
3 77
4 2
0 1 4
1 2 12
2 3 114
3 4 4
4 1 5
O110
12 12
0 85
1 7
2 7
3 2
4 85
5 7
6 7
7 2
8 85
9 7
10 7
11 2
0 1 5
1 2 4
2 3 4
3 4 5
4 5 5
5 6 4
6 7 4
7 8 5
8 9 5
9 10 4
10 11 4
11 0 5
O182
16 16
0 2
1 29
2 2
3 2
4 29
5 2
6 2
7 29
8 2
9 2
10 29
11 2
12 117
13 117
14 117
15 117
0 1 5
1 2 4
2 3 5
3 4 5
4 5 4
5 6 5
6 7 5
7 8 4
8 9 5
9 10 5
10 11 4
11 0 5
12 0 4
13 3 4
14 6 4
15 9 4
O110
4 4
0 85
1 7
2 7
3 2
0 1 5
1 2 4
2 3 4
3 0 5
O183
6 6
0 14
1 29
2 15
3 21
4 21
5 24
0 1 5
1 2 5
2 3 12
3 4 6
4 5 4
5 2 4
O110
4 4
0 85
1 7
2 7
3 2
0 1 5
1 2 4
2 3 4
3 0 5
O184
4 4
0 118
1 103
2 23
3 16
0 1 4
1 2 4
2 3 4
3 0 6
O110
20 20
0 85
1 7
2 7
3 2
4 85
5 7
6 7
7 2
8 85
9 7
10 7
11 2
12 85
13 7
14 7
15 2
16 85
17 7
18 7
19 2
0 1 5
1 2 4
2 3 4
3 4 5
4 5 5
5 6 4
6 7 4
7 8 5
8 9 5
9 10 4
10 11 4
11 12 5
12 13 5
13 14 4
14 15 4
15 16 5
16 17 5
17 18 4
18 19 4
19 0 5
O185
20 20
0 24
1 29
2 14
3 15
4 16
5 24
6 29
7 14
8 15
9 16
10 24
11 29
12 14
13 15
14 16
15 24
16 29
17 14
18 15
19 16
0 1 6
1 2 4
2 3 5
3 4 4
4 5 5
5 6 6
6 7 4
7 8 5
8 9 4
9 10 5
10 11 6
11 12 4
12 13 5
13 14 4
14 15 5
15 16 6
16 17 4
17 18 5
18 19 4
19 0 5
O110
4 4
0 85
1 7
2 7
3 2
0 1 5
1 2 4
2 3 4
3 0 5
O186
4 4
0 95
1 10
2 77
3 28
0 1 12
1 2 4
2 3 4
3 0 4
O110
12 12
0 85
1 7
2 7
3 2
4 85
5 7
6 7
7 2
8 85
9 7
10 7
11 2
0 1 5
1 2 4
2 3 4
3 4 5
4 5 5
5 6 4
6 7 4
7 8 5
8 9 5
9 10 4
10 11 4
11 0 5
O187
12 12
0 65
1 18
2 29
3 21
4 21
5 2
6 65
7 18
8 29
9 21
10 21
11 2
0 1 4
1 2 5
2 3 4
3 4 6
4 5 4
5 6 6
6 7 4
7 8 5
8 9 4
9 10 6
10 11 4
11 0 6
O111
20 20
0 52
1 52
2 52
3 52
4 10
5 7
6 2
7 10
8 7
9 2
10 10
11 7
12 2
13 10
14 7
15 2
16 52
17 52
18 52
19 52
0 4 12
1 7 12
2 10 12
3 13 12
4 5 5
5 6 4
6 7 5
7 8 5
8 9 4
9 10 5
10 11 5
11 12 4
12 13 5
13 14 5
14 15 4
15 4 5
16 4 4
17 7 4
18 10 4
19 13 4
O112 ab
15 15
0 2
1 2
2 2
3 16
4 10
5 86
6 24
7 16
8 10
9 86
10 24
11 16
12 10
13 86
14 24
0 3 4
1 7 4
2 11 4
3 4 5
4 5 5
5 6 4
6 7 5
7 8 5
8 9 5
9 10 4
10 11 5
11 12 5
12 13 5
13 14 4
14 3 5
O111
20 20
0 52
1 52
2 52
3 52
4 10
5 7
6 2
7 10
8 7
9 2
10 10
11 7
12 2
13 10
14 7
15 2
16 52
17 52
18 52
19 52
0 4 12
1 7 12
2 10 12
3 13 12
4 5 5
5 6 4
6 7 5
7 8 5
8 9 4
9 10 5
10 11 5
11 12 4
12 13 5
13 14 5
14 15 4
15 4 5
16 4 4
17 7 4
18 10 4
19 13 4
O112 ac
15 15
0 87
1 87
2 87
3 16
4 10
5 15
6 24
7 16
8 10
9 15
10 24
11 16
12 10
13 15
14 24
0 3 4
1 7 4
2 11 4
3 4 5
4 5 5
5 6 4
6 7 5
7 8 5
8 9 5
9 10 4
10 11 5
11 12 5
12 13 5
13 14 4
14 3 5
O111
20 20
0 52
1 52
2 52
3 52
4 10
5 7
6 2
7 10
8 7
9 2
10 10
11 7
12 2
13 10
14 7
15 2
16 52
17 52
18 52
19 52
0 4 12
1 7 12
2 10 12
3 13 12
4 5 5
5 6 4
6 7 5
7 8 5
8 9 4
9 10 5
10 11 5
11 12 4
12 13 5
13 14 5
14 15 4
15 4 5
16 4 4
17 7 4
18 10 4
19 13 4
O113
15 15
0 16
1 47
2 7
3 2
4 16
5 47
6 7
7 2
8 16
9 47
10 7
11 2
12 15
13 15
14 15
0 1 5
1 2 4
2 3 4
3 4 5
4 5 5
5 6 4
6 7 4
7 8 5
8 9 5
9 10 4
10 11 4
11 0 5
12 0 4
13 4 4
14 8 4
O111
20 20
0 52
1 52
2 52
3 52
4 10
5 7
6 2
7 10
8 7
9 2
10 10
11 7
12 2
13 10
14 7
15 2
16 52
17 52
18 52
19 52
0 4 12
1 7 12
2 10 12
3 13 12
4 5 5
5 6 4
6 7 5
7 8 5
8 9 4
9 10 5
10 11 5
11 12 4
12 13 5
13 14 5
14 15 4
15 4 5
16 4 4
17 7 4
18 10 4
19 13 4
O114
12 12
0 88
1 14
2 15
3 18
4 88
5 14
6 15
7 18
8 88
9 14
10 15
11 18
0 1 4
1 2 5
2 3 4
3 4 5
4 5 4
5 6 5
6 7 4
7 8 5
8 9 4
9 10 5
10 11 4
11 0 5
O111
20 20
0 52
1 52
2 52
3 52
4 10
5 7
6 2
7 10
8 7
9 2
10 10
11 7
12 2
13 10
14 7
15 2
16 52
17 52
18 52
19 52
0 4 12
1 7 12
2 10 12
3 13 12
4 5 5
5 6 4
6 7 5
7 8 5
8 9 4
9 10 5
10 11 5
11 12 4
12 13 5
13 14 5
14 15 4
15 4 5
16 4 4
17 7 4
18 10 4
19 13 4
O115
15 15
0 1
1 1
2 1
3 2
4 47
5 21
6 2
7 2
8 47
9 21
10 2
11 2
12 47
13 21
14 2
0 3 5
1 7 5
2 11 5
3 4 5
4 5 4
5 6 4
6 7 4
7 8 5
8 9 4
9 10 4
10 11 4
11 12 5
12 13 4
13 14 4
14 3 4
O111
25 25
0 52
1 52
2 52
3 52
4 52
5 10
6 7
7 2
8 10
9 7
10 2
11 10
12 7
13 2
14 10
15 7
16 2
17 10
18 7
19 2
20 52
21 52
22 52
23 52
24 52
0 5 12
1 8 12
2 11 12
3 14 12
4 17 12
5 6 5
6 7 4
7 8 5
8 9 5
9 10 4
10 11 5
11 12 5
12 13 4
13 14 5
14 15 5
15 16 4
16 17 5
17 18 5
18 19 4
19 5 5
20 5 4
21 8 4
22 11 4
23 14 4
24 17 4
O116
15 15
0 20
1 18
2 16
3 47
4 2
5 20
6 18
7 16
8 47
9 2
10 20
11 18
12 16
13 47
14 2
0 1 12
1 2 5
2 3 5
3 4 4
4 5 6
5 6 12
6 7 5
7 8 5
8 9 4
9 10 6
10 11 12
11 12 5
12 13 5
13 14 4
14 0 6
O111
25 25
0 52
1 52
2 52
3 52
4 52
5 10
6 7
7 2
8 10
9 7
10 2
11 10
12 7
13 2
14 10
15 7
16 2
17 10
18 7
19 2
20 52
21 52
22 52
23 52
24 52
0 5 12
1 8 12
2 11 12
3 14 12
4 17 12
5 6 5
6 7 4
7 8 5
8 9 5
9 10 4
10 11 5
11 12 5
12 13 4
13 14 5
14 15 5
15 16 4
16 17 5
17 18 5
18 19 4
19 5 5
20 5 4
21 8 4
22 11 4
23 14 4
24 17 4
O117
15 15
0 24
1 0
2 10
3 15
4 16
5 24
6 0
7 10
8 15
9 16
10 24
11 0
12 10
13 15
14 16
0 1 4
1 2 5
2 3 5
3 4 4
4 5 5
5 6 4
6 7 5
7 8 5
8 9 4
9 10 5
10 11 4
11 12 5
12 13 5
13 14 4
14 0 5
O111
20 20
0 52
1 52
2 52
3 52
4 10
5 7
6 2
7 10
8 7
9 2
10 10
11 7
12 2
13 10
14 7
15 2
16 52
17 52
18 52
19 52
0 4 12
1 7 12
2 10 12
3 13 12
4 5 5
5 6 4
6 7 5
7 8 5
8 9 4
9 10 5
10 11 5
11 12 4
12 13 5
13 14 5
14 15 4
15 4 5
16 4 4
17 7 4
18 10 4
19 13 4
O118
12 12
0 89
1 7
2 90
3 2
4 89
5 7
6 90
7 2
8 89
9 7
10 90
11 2
0 1 91
1 2 4
2 3 4
3 4 4
4 5 91
5 6 4
6 7 4
7 8 4
8 9 91
9 10 4
10 11 4
11 0 4
O111
20 20
0 52
1 52
2 52
3 52
4 10
5 7
6 2
7 10
8 7
9 2
10 10
11 7
12 2
13 10
14 7
15 2
16 52
17 52
18 52
19 52
0 4 12
1 7 12
2 10 12
3 13 12
4 5 5
5 6 4
6 7 5
7 8 5
8 9 4
9 10 5
10 11 5
11 12 4
12 13 5
13 14 5
14 15 4
15 4 5
16 4 4
17 7 4
18 10 4
19 13 4
O119
15 15
0 92
1 92
2 92
3 17
4 7
5 0
6 18
7 17
8 7
9 0
10 18
11 17
12 7
13 0
14 18
0 3 4
1 7 4
2 11 4
3 4 4
4 5 5
5 6 4
6 7 6
7 8 4
8 9 5
9 10 4
10 11 6
11 12 4
12 13 5
13 14 4
14 3 6
O111
25 25
0 52
1 52
2 52
3 52
4 52
5 10
6 7
7 2
8 10
9 7
10 2
11 10
12 7
13 2
14 10
15 7
16 2
17 10
18 7
19 2
20 52
21 52
22 52
23 52
24 52
0 5 12
1 8 12
2 11 12
3 14 12
4 17 12
5 6 5
6 7 4
7 8 5
8 9 5
9 10 4
10 11 5
11 12 5
12 13 4
13 14 5
14 15 5
15 16 4
16 17 5
17 18 5
18 19 4
19 5 5
20 5 4
21 8 4
22 11 4
23 14 4
24 17 4
O120
18 18
0 0
1 0
2 0
3 10
4 0
5 0
6 7
7 24
8 10
9 0
10 0
11 7
12 24
13 10
14 0
15 0
16 7
17 24
0 3 5
1 8 5
2 13 5
3 4 6
4 5 6
5 6 6
6 7 4
7 8 4
8 9 6
9 10 6
10 11 6
11 12 4
12 13 4
13 14 6
14 15 6
15 16 6
16 17 4
17 3 4
O111
20 20
0 52
1 52
2 52
3 52
4 10
5 7
6 2
7 10
8 7
9 2
10 10
11 7
12 2
13 10
14 7
15 2
16 52
17 52
18 52
19 52
0 4 12
1 7 12
2 10 12
3 13 12
4 5 5
5 6 4
6 7 5
7 8 5
8 9 4
9 10 5
10 11 5
11 12 4
12 13 5
13 14 5
14 15 4
15 4 5
16 4 4
17 7 4
18 10 4
19 13 4
O121
12 12
0 93
1 94
2 78
3 18
4 93
5 94
6 78
7 18
8 93
9 94
10 78
11 18
0 1 5
1 2 5
2 3 4
3 4 4
4 5 5
5 6 5
6 7 4
7 8 4
8 9 5
9 10 5
10 11 4
11 0 4
O111
20 20
0 52
1 52
2 52
3 52
4 10
5 7
6 2
7 10
8 7
9 2
10 10
11 7
12 2
13 10
14 7
15 2
16 52
17 52
18 52
19 52
0 4 12
1 7 12
2 10 12
3 13 12
4 5 5
5 6 4
6 7 5
7 8 5
8 9 4
9 10 5
10 11 5
11 12 4
12 13 5
13 14 5
14 15 4
15 4 5
16 4 4
17 7 4
18 10 4
19 13 4
O123
12 12
0 95
1 18
2 77
3 18
4 95
5 18
6 77
7 18
8 95
9 18
10 77
11 18
0 1 12
1 2 4
2 3 4
3 4 4
4 5 12
5 6 4
6 7 4
7 8 4
8 9 12
9 10 4
10 11 4
11 0 4
O111
5 5
0 52
1 10
2 7
3 2
4 52
0 1 12
1 2 5
2 3 4
3 1 5
4 1 4
O124
5 5
0 96
1 10
2 15
3 25
4 24
0 1 12
1 2 5
2 3 12
3 4 4
4 2 4
O111
20 20
0 52
1 52
2 52
3 52
4 10
5 7
6 2
7 10
8 7
9 2
10 10
11 7
12 2
13 10
14 7
15 2
16 52
17 52
18 52
19 52
0 4 12
1 7 12
2 10 12
3 13 12
4 5 5
5 6 4
6 7 5
7 8 5
8 9 4
9 10 5
10 11 5
11 12 4
12 13 5
13 14 5
14 15 4
15 4 5
16 4 4
17 7 4
18 10 4
19 13 4
O125 ab
18 18
0 10
1 10
2 10
3 24
4 21
5 23
6 16
7 24
8 21
9 23
10 16
11 24
12 21
13 23
14 16
15 15
16 15
17 15
0 4 4
1 8 4
2 12 4
3 4 6
4 5 4
5 6 4
6 7 5
7 8 6
8 9 4
9 10 4
10 11 5
11 12 6
12 13 4
13 14 4
14 3 5
15 3 4
16 7 4
17 11 4
O111
20 20
0 52
1 52
2 52
3 52
4 10
5 7
6 2
7 10
8 7
9 2
10 10
11 7
12 2
13 10
14 7
15 2
16 52
17 52
18 52
19 52
0 4 12
1 7 12
2 10 12
3 13 12
4 5 5
5 6 4
6 7 5
7 8 5
8 9 4
9 10 5
10 11 5
11 12 4
12 13 5
13 14 5
14 15 4
15 4 5
16 4 4
17 7 4
18 10 4
19 13 4
O126
15 15
0 17
1 15
2 18
3 2
4 17
5 15
6 18
7 2
8 17
9 15
10 18
11 2
12 23
13 23
14 23
0 1 4
1 2 4
2 3 4
3 4 6
4 5 4
5 6 4
6 7 4
7 8 6
8 9 4
9 10 4
10 11 4
11 0 6
12 1 6
13 5 6
14 9 6
