200
O82
5 5
0 67
1 10
2 15
3 19
4 2
0 1 68
1 2 5
2 3 5
3 4 4
4 1 5
O173
5 5
0 23
1 10
2 10
3 19
4 2
0 1 5
1 2 107
2 3 6
3 4 4
4 1 4
O82
15 15
0 67
1 67
2 67
3 10
4 15
5 19
6 2
7 10
8 15
9 19
10 2
11 10
12 15
13 19
14 2
0 3 68
1 7 68
2 11 68
3 4 5
4 5 5
5 6 4
6 7 5
7 8 5
8 9 5
9 10 4
10 11 5
11 12 5
12 13 5
13 14 4
14 3 5
O174 ab
16 16
0 2
1 2
2 2
3 2
4 29
5 15
6 24
7 29
8 15
9 24
10 29
11 15
12 24
13 29
14 15
15 24
0 4 6
1 7 6
2 10 6
3 13 6
4 5 4
5 6 4
6 7 5
7 8 4
8 9 4
9 10 5
10 11 4
11 12 4
12 13 5
13 14 4
14 15 4
15 4 5
O82
15 15
0 67
1 67
2 67
3 10
4 15
5 19
6 2
7 10
8 15
9 19
10 2
11 10
12 15
13 19
14 2
0 3 68
1 7 68
2 11 68
3 4 5
4 5 5
5 6 4
6 7 5
7 8 5
8 9 5
9 10 4
10 11 5
11 12 5
12 13 5
13 14 4
14 3 5
O174 ac
16 16
0 2
1 2
2 2
3 2
4 29
5 15
6 2
7 29
8 15
9 2
10 29
11 15
12 2
13 29
14 15
15 2
0 4 6
1 7 6
2 10 6
3 13 6
4 5 4
5 6 4
6 7 5
7 8 4
8 9 4
9 10 5
10 11 4
11 12 4
12 13 5
13 14 4
14 15 4
15 4 5
O82
25 25
0 67
1 67
2 67
3 67
4 67
5 10
6 15
7 19
8 2
9 10
10 15
11 19
12 2
13 10
14 15
15 19
16 2
17 10
18 15
19 19
20 2
21 10
22 15
23 19
24 2
0 5 68
1 9 68
2 13 68
3 17 68
4 21 68
5 6 5
6 7 5
7 8 4
8 9 5
9 10 5
10 11 5
11 12 4
12 13 5
13 14 5
14 15 5
15 16 4
16 17 5
17 18 5
18 19 5
19 20 4
20 21 5
21 22 5
22 23 5
23 24 4
24 5 5
O175
20 20
0 10
1 74
2 21
3 21
4 24
5 10
6 74
7 21
8 21
9 24
10 10
11 74
12 21
13 21
14 24
15 10
16 74
17 21
18 21
19 24
0 1 5
1 2 4
2 3 6
3 4 4
4 5 6
5 6 5
6 7 4
7 8 6
8 9 4
9 10 6
10 11 5
11 12 4
12 13 6
13 14 4
14 15 6
15 16 5
16 17 4
17 18 6
18 19 4
19 0 6
O82
5 5
0 67
1 10
2 15
3 19
4 2
0 1 68
1 2 5
2 3 5
3 4 4
4 1 5
O176
4 4
0 21
1 21
2 17
3 16
0 1 6
1 2 6
2 3 4
3 0 5
O82
5 5
0 67
1 10
2 15
3 19
4 2
0 1 68
1 2 5
2 3 5
3 4 4
4 1 5
O177
4 4
0 0
1 11
2 11
3 2
0 1 4
1 2 4
2 3 4
3 0 6
O82
25 25
0 67
1 67
2 67
3 67
4 67
5 10
6 15
7 19
8 2
9 10
10 15
11 19
12 2
13 10
14 15
15 19
16 2
17 10
18 15
19 19
20 2
21 10
22 15
23 19
24 2
0 5 68
1 9 68
2 13 68
3 17 68
4 21 68
5 6 5
6 7 5
7 8 4
8 9 5
9 10 5
10 11 5
11 12 4
12 13 5
13 14 5
14 15 5
15 16 4
16 17 5
17 18 5
18 19 5
19 20 4
20 21 5
21 22 5
22 23 5
23 24 4
24 5 5
O178
20 20
0 18
1 47
2 14
3 15
4 24
5 18
6 47
7 14
8 15
9 24
10 18
11 47
12 14
13 15
14 24
15 18
16 47
17 14
18 15
19 24
0 1 5
1 2 6
2 3 5
3 4 4
4 5 5
5 6 5
6 7 6
7 8 5
8 9 4
9 10 5
10 11 5
11 12 6
12 13 5
13 14 4
14 15 5
15 16 5
16 17 6
17 18 5
18 19 4
19 0 5
O82
5 5
0 67
1 10
2 15
3 19
4 2
0 1 68
1 2 5
2 3 5
3 4 4
4 1 5
O180
4 4
0 115
1 0
2 1
3 18
0 1 6
1 2 4
2 3 5
3 0 5
O82
5 5
0 67
1 10
2 15
3 19
4 2
0 1 68
1 2 5
2 3 5
3 4 4
4 1 5
O181
5 5
0 77
1 116
2 10
3 77
4 2
0 1 4
1 2 12
2 3 114
3 4 4
4 1 5
O82
15 15
0 67
1 67
2 67
3 10
4 15
5 19
6 2
7 10
8 15
9 19
10 2
11 10
12 15
13 19
14 2
0 3 68
1 7 68
2 11 68
3 4 5
4 5 5
5 6 4
6 7 5
7 8 5
8 9 5
9 10 4
10 11 5
11 12 5
12 13 5
13 14 4
14 3 5
O182
16 16
0 2
1 29
2 2
3 2
4 29
5 2
6 2
7 29
8 2
9 2
10 29
11 2
12 117
13 117
14 117
15 117
0 1 5
1 2 4
2 3 5
3 4 5
4 5 4
5 6 5
6 7 5
7 8 4
8 9 5
9 10 5
10 11 4
11 0 5
12 0 4
13 3 4
14 6 4
15 9 4
O82
5 5
0 67
1 10
2 15
3 19
4 2
0 1 68
1 2 5
2 3 5
3 4 4
4 1 5
O183
6 6
0 14
1 29
2 15
3 21
4 21
5 24
0 1 5
1 2 5
2 3 12
3 4 6
4 5 4
5 2 4
O82
5 5
0 67
1 10
2 15
3 19
4 2
0 1 68
1 2 5
2 3 5
3 4 4
4 1 5
O184
4 4
0 118
1 103
2 23
3 16
0 1 4
1 2 4
2 3 4
3 0 6
O82
25 25
0 67
1 67
2 67
3 67
4 67
5 10
6 15
7 19
8 2
9 10
10 15
11 19
12 2
13 10
14 15
15 19
16 2
17 10
18 15
19 19
20 2
21 10
22 15
23 19
24 2
0 5 68
1 9 68
2 13 68
3 17 68
4 21 68
5 6 5
6 7 5
7 8 4
8 9 5
9 10 5
10 11 5
11 12 4
12 13 5
13 14 5
14 15 5
15 16 4
16 17 5
17 18 5
18 19 5
19 20 4
20 21 5
21 22 5
22 23 5
23 24 4
24 5 5
O185
20 20
0 24
1 29
2 14
3 15
4 16
5 24
6 29
7 14
8 15
9 16
10 24
11 29
12 14
13 15
14 16
15 24
16 29
17 14
18 15
19 16
0 1 6
1 2 4
2 3 5
3 4 4
4 5 5
5 6 6
6 7 4
7 8 5
8 9 4
9 10 5
10 11 6
11 12 4
12 13 5
13 14 4
14 15 5
15 16 6
16 17 4
17 18 5
18 19 4
19 0 5
O82
5 5
0 67
1 10
2 15
3 19
4 2
0 1 68
1 2 5
2 3 5
3 4 4
4 1 5
O186
4 4
0 95
1 10
2 77
3 28
0 1 12
1 2 4
2 3 4
3 0 4
O82
15 15
0 67
1 67
2 67
3 10
4 15
5 19
6 2
7 10
8 15
9 19
10 2
11 10
12 15
13 19
14 2
0 3 68
1 7 68
2 11 68
3 4 5
4 5 5
5 6 4
6 7 5
7 8 5
8 9 5
9 10 4
10 11 5
11 12 5
12 13 5
13 14 4
14 3 5
O187
12 12
0 65
1 18
2 29
3 21
4 21
5 2
6 65
7 18
8 29
9 21
10 21
11 2
0 1 4
1 2 5
2 3 4
3 4 6
4 5 4
5 6 6
6 7 4
7 8 5
8 9 4
9 10 6
10 11 4
11 0 6
O83
20 20
0 10
1 29
2 15
3 15
4 2
5 10
6 29
7 15
8 15
9 2
10 10
11 29
12 15
13 15
14 2
15 10
16 29
17 15
18 15
19 2
0 1 5
1 2 12
2 3 5
3 4 5
4 5 12
5 6 5
6 7 12
7 8 5
8 9 5
9 10 12
10 11 5
11 12 12
12 13 5
13 14 5
14 15 12
15 16 5
16 17 12
17 18 5
18 19 5
19 0 12
O85
25 25
0 69
1 69
2 69
3 69
4 69
5 7
6 3
7 25
8 2
9 7
10 3
11 25
12 2
13 7
14 3
15 25
16 2
17 7
18 3
19 25
20 2
21 7
22 3
23 25
24 2
0 5 5
1 9 5
2 13 5
3 17 5
4 21 5
5 6 4
6 7 12
7 8 4
8 9 6
9 10 4
10 11 12
11 12 4
12 13 6
13 14 4
14 15 12
15 16 4
16 17 6
17 18 4
18 19 12
19 20 4
20 21 6
21 22 4
22 23 12
23 24 4
24 5 6
O83
20 20
0 10
1 29
2 15
3 15
4 2
5 10
6 29
7 15
8 15
9 2
10 10
11 29
12 15
13 15
14 2
15 10
16 29
17 15
18 15
19 2
0 1 5
1 2 12
2 3 5
3 4 5
4 5 12
5 6 5
6 7 12
7 8 5
8 9 5
9 10 12
10 11 5
11 12 12
12 13 5
13 14 5
14 15 12
15 16 5
16 17 12
17 18 5
18 19 5
19 0 12
O86
25 25
0 7
1 7
2 7
3 7
4 7
5 23
6 15
7 16
8 24
9 23
10 15
11 16
12 24
13 23
14 15
15 16
16 24
17 23
18 15
19 16
20 24
21 23
22 15
23 16
24 24
0 6 4
1 10 4
2 14 4
3 18 4
4 22 4
5 6 6
6 7 4
7 8 4
8 9 5
9 10 6
10 11 4
11 12 4
12 13 5
13 14 6
14 15 4
15 16 4
16 17 5
17 18 6
18 19 4
19 20 4
20 21 5
21 22 6
22 23 4
23 24 4
24 5 5
O83
20 20
0 10
1 29
2 15
3 15
4 2
5 10
6 29
7 15
8 15
9 2
10 10
11 29
12 15
13 15
14 2
15 10
16 29
17 15
18 15
19 2
0 1 5
1 2 12
2 3 5
3 4 5
4 5 12
5 6 5
6 7 12
7 8 5
8 9 5
9 10 12
10 11 5
11 12 12
12 13 5
13 14 5
14 15 12
15 16 5
16 17 12
17 18 5
18 19 5
19 0 12
O86.2
25 25
0 7
1 15
2 16
3 16
4 7
5 15
6 16
7 16
8 7
9 15
10 16
11 16
12 7
13 15
14 16
15 16
16 7
17 15
18 16
19 16
20 23
21 23
22 23
23 23
24 23
0 1 4
1 2 4
2 3 4
3 4 6
4 5 4
5 6 4
6 7 4
7 8 6
8 9 4
9 10 4
10 11 4
11 12 6
12 13 4
13 14 4
14 15 4
15 16 6
16 17 4
17 18 4
18 19 4
19 0 6
20 1 6
21 5 6
22 9 6
23 13 6
24 17 6
O83
20 20
0 10
1 29
2 15
3 15
4 2
5 10
6 29
7 15
8 15
9 2
10 10
11 29
12 15
13 15
14 2
15 10
16 29
17 15
18 15
19 2
0 1 5
1 2 12
2 3 5
3 4 5
4 5 12
5 6 5
6 7 12
7 8 5
8 9 5
9 10 12
10 11 5
11 12 12
12 13 5
13 14 5
14 15 12
15 16 5
16 17 12
17 18 5
18 19 5
19 0 12
O86.3
25 25
0 7
1 7
2 7
3 7
4 7
5 23
6 15
7 16
8 24
9 23
10 15
11 16
12 24
13 23
14 15
15 16
16 24
17 23
18 15
19 16
20 24
21 23
22 15
23 16
24 24
0 6 4
1 10 4
2 14 4
3 18 4
4 22 4
5 6 6
6 7 4
7 8 4
8 9 5
9 10 6
10 11 4
11 12 4
12 13 5
13 14 6
14 15 4
15 16 4
16 17 5
17 18 6
18 19 4
19 20 4
20 21 5
21 22 6
22 23 4
23 24 4
24 5 5
O83
20 20
0 10
1 29
2 15
3 15
4 2
5 10
6 29
7 15
8 15
9 2
10 10
11 29
12 15
13 15
14 2
15 10
16 29
17 15
18 15
19 2
0 1 5
1 2 12
2 3 5
3 4 5
4 5 12
5 6 5
6 7 12
7 8 5
8 9 5
9 10 12
10 11 5
11 12 12
12 13 5
13 14 5
14 15 12
15 16 5
16 17 12
17 18 5
18 19 5
19 0 12
O87
20 20
0 25
1 7
2 70
3 24
4 25
5 7
6 70
7 24
8 25
9 7
10 70
11 24
12 25
13 7
14 70
15 24
16 25
17 7
18 70
19 24
0 1 5
1 2 4
2 3 4
3 4 4
4 5 5
5 6 4
6 7 4
7 8 4
8 9 5
9 10 4
10 11 4
11 12 4
12 13 5
13 14 4
14 15 4
15 16 4
16 17 5
17 18 4
18 19 4
19 0 4
O83
15 15
0 10
1 29
2 15
3 15
4 2
5 10
6 29
7 15
8 15
9 2
10 10
11 29
12 15
13 15
14 2
0 1 5
1 2 12
2 3 5
3 4 5
4 5 12
5 6 5
6 7 12
7 8 5
8 9 5
9 10 12
10 11 5
11 12 12
12 13 5
13 14 5
14 0 12
O88
20 20
0 21
1 21
2 2
3 21
4 21
5 2
6 21
7 21
8 2
9 21
10 21
11 2
12 21
13 21
14 2
15 61
16 61
17 61
18 61
19 61
0 1 4
1 2 4
2 3 5
3 4 4
4 5 4
5 6 5
6 7 4
7 8 4
8 9 5
9 10 4
10 11 4
11 12 5
12 13 4
13 14 4
14 0 5
15 0 4
16 3 4
17 6 4
18 9 4
19 12 4
O83
20 20
0 10
1 29
2 15
3 15
4 2
5 10
6 29
7 15
8 15
9 2
10 10
11 29
12 15
13 15
14 2
15 10
16 29
17 15
18 15
19 2
0 1 5
1 2 12
2 3 5
3 4 5
4 5 12
5 6 5
6 7 12
7 8 5
8 9 5
9 10 12
10 11 5
11 12 12
12 13 5
13 14 5
14 15 12
15 16 5
16 17 12
17 18 5
18 19 5
19 0 12
O90
20 20
0 71
1 15
2 16
3 24
4 71
5 15
6 16
7 24
8 71
9 15
10 16
11 24
12 71
13 15
14 16
15 24
16 71
17 15
18 16
19 24
0 1 6
1 2 4
2 3 4
3 4 5
4 5 6
5 6 4
6 7 4
7 8 5
8 9 6
9 10 4
10 11 4
11 12 5
12 13 6
13 14 4
14 15 4
15 16 5
16 17 6
17 18 4
18 19 4
19 0 5
O83
5 5
0 10
1 29
2 15
3 15
4 2
0 1 5
1 2 12
2 3 5
3 4 5
4 0 12
O91
5 5
0 72
1 15
2 2
3 73
4 2
0 1 5
1 2 5
2 3 5
3 4 4
4 0 5
O83
20 20
0 10
1 29
2 15
3 15
4 2
5 10
6 29
7 15
8 15
9 2
10 10
11 29
12 15
13 15
14 2
15 10
16 29
17 15
18 15
19 2
0 1 5
1 2 12
2 3 5
3 4 5
4 5 12
5 6 5
6 7 12
7 8 5
8 9 5
9 10 12
10 11 5
11 12 12
12 13 5
13 14 5
14 15 12
15 16 5
16 17 12
17 18 5
18 19 5
19 0 12
O96
25 25
0 74
1 2
2 25
3 2
4 74
5 2
6 25
7 2
8 74
9 2
10 25
11 2
12 74
13 2
14 25
15 2
16 74
17 2
18 25
19 2
20 25
21 25
22 25
23 25
24 25
0 1 5
1 2 56
2 3 4
3 4 6
4 5 5
5 6 56
6 7 4
7 8 6
8 9 5
9 10 56
10 11 4
11 12 6
12 13 5
13 14 56
14 15 4
15 16 6
16 17 5
17 18 56
18 19 4
19 0 6
20 0 5
21 4 5
22 8 5
23 12 5
24 16 5
O83
10 10
0 10
1 29
2 15
3 15
4 2
5 10
6 29
7 15
8 15
9 2
0 1 5
1 2 12
2 3 5
3 4 5
4 5 12
5 6 5
6 7 12
7 8 5
8 9 5
9 0 12
O97
20 20
0 75
1 75
2 75
3 75
4 75
5 0
6 1
7 0
8 1
9 0
10 1
11 0
12 1
13 0
14 1
15 75
16 75
17 75
18 75
19 75
0 5 76
1 7 76
2 9 76
3 11 76
4 13 76
5 6 4
6 7 4
7 8 4
8 9 4
9 10 4
10 11 4
11 12 4
12 13 4
13 14 4
14 5 4
15 6 76
16 8 76
17 10 76
18 12 76
19 14 76
O83
20 20
0 10
1 29
2 15
3 15
4 2
5 10
6 29
7 15
8 15
9 2
10 10
11 29
12 15
13 15
14 2
15 10
16 29
17 15
18 15
19 2
0 1 5
1 2 12
2 3 5
3 4 5
4 5 12
5 6 5
6 7 12
7 8 5
8 9 5
9 10 12
10 11 5
11 12 12
12 13 5
13 14 5
14 15 12
15 16 5
16 17 12
17 18 5
18 19 5
19 0 12
O98
20 20
0 77
1 78
2 77
3 2
4 77
5 78
6 77
7 2
8 77
9 78
10 77
11 2
12 77
13 78
14 77
15 2
16 77
17 78
18 77
19 2
0 1 5
1 2 4
2 3 4
3 4 4
4 5 5
5 6 4
6 7 4
7 8 4
8 9 5
9 10 4
10 11 4
11 12 4
12 13 5
13 14 4
14 15 4
15 16 4
16 17 5
17 18 4
18 19 4
19 0 4
O83
20 20
0 10
1 29
2 15
3 15
4 2
5 10
6 29
7 15
8 15
9 2
10 10
11 29
12 15
13 15
14 2
15 10
16 29
17 15
18 15
19 2
0 1 5
1 2 12
2 3 5
3 4 5
4 5 12
5 6 5
6 7 12
7 8 5
8 9 5
9 10 12
10 11 5
11 12 12
12 13 5
13 14 5
14 15 12
15 16 5
16 17 12
17 18 5
18 19 5
19 0 12
O99
30 30
0 10
1 10
2 10
3 10
4 10
5 10
6 10
7 10
8 10
9 10
10 79
11 79
12 79
13 79
14 79
15 79
16 79
17 79
18 79
19 79
20 79
21 79
22 79
23 79
24 79
25 79
26 79
27 79
28 79
29 79
0 10 6
1 13 6
2 14 6
3 17 6
4 18 6
5 21 6
6 22 6
7 25 6
8 26 6
9 29 6
10 11 6
11 12 6
12 13 4
13 14 4
14 15 6
15 16 6
16 17 4
17 18 4
18 19 6
19 20 6
20 21 4
21 22 4
22 23 6
23 24 6
24 25 4
25 26 4
26 27 6
27 28 6
28 29 4
29 10 4
O83
20 20
0 10
1 29
2 15
3 15
4 2
5 10
6 29
7 15
8 15
9 2
10 10
11 29
12 15
13 15
14 2
15 10
16 29
17 15
18 15
19 2
0 1 5
1 2 12
2 3 5
3 4 5
4 5 12
5 6 5
6 7 12
7 8 5
8 9 5
9 10 12
10 11 5
11 12 12
12 13 5
13 14 5
14 15 12
15 16 5
16 17 12
17 18 5
18 19 5
19 0 12
O100
25 25
0 0
1 0
2 7
3 2
4 0
5 0
6 7
7 2
8 0
9 0
10 7
11 2
12 0
13 0
14 7
15 2
16 0
17 0
18 7
19 2
20 35
21 35
22 35
23 35
24 35
0 1 4
1 2 4
2 3 4
3 4 6
4 5 4
5 6 4
6 7 4
7 8 6
8 9 4
9 10 4
10 11 4
11 12 6
12 13 4
13 14 4
14 15 4
15 16 6
16 17 4
17 18 4
18 19 4
19 0 6
20 0 38
21 4 38
22 8 38
23 12 38
24 16 38
O83
10 10
0 10
1 29
2 15
3 15
4 2
5 10
6 29
7 15
8 15
9 2
0 1 5
1 2 12
2 3 5
3 4 5
4 5 12
5 6 5
6 7 12
7 8 5
8 9 5
9 0 12
O101
10 10
0 18
1 16
2 18
3 16
4 18
5 16
6 18
7 16
8 18
9 16
0 1 5
1 2 12
2 3 5
3 4 12
4 5 5
5 6 12
6 7 5
7 8 12
8 9 5
9 0 12
O83
15 15
0 10
1 29
2 15
3 15
4 2
5 10
6 29
7 15
8 15
9 2
10 10
11 29
12 15
13 15
14 2
0 1 5
1 2 12
2 3 5
3 4 5
4 5 12
5 6 5
6 7 12
7 8 5
8 9 5
9 10 12
10 11 5
11 12 12
12 13 5
13 14 5
14 0 12
O102
25 25
0 0
1 24
2 0
3 24
4 0
5 24
6 0
7 24
8 0
9 24
10 7
11 19
12 24
13 7
14 19
15 24
16 7
17 19
18 24
19 7
20 19
21 24
22 7
23 19
24 24
0 1 5
1 10 4
2 3 5
3 13 4
4 5 5
5 16 4
6 7 5
7 19 4
8 9 5
9 22 4
10 11 12
11 12 4
12 13 5
13 14 12
14 15 4
15 16 5
16 17 12
17 18 4
18 19 5
19 20 12
20 21 4
21 22 5
22 23 12
23 24 4
24 10 5
O83
5 5
0 10
1 29
2 15
3 15
4 2
0 1 5
1 2 12
2 3 5
3 4 5
4 0 12
O103
5 5
0 19
1 80
2 18
3 16
4 2
0 1 6
1 2 12
2 3 5
3 4 4
4 0 6
O83
20 20
0 10
1 29
2 15
3 15
4 2
5 10
6 29
7 15
8 15
9 2
10 10
11 29
12 15
13 15
14 2
15 10
16 29
17 15
18 15
19 2
0 1 5
1 2 12
2 3 5
3 4 5
4 5 12
5 6 5
6 7 12
7 8 5
8 9 5
9 10 12
10 11 5
11 12 12
12 13 5
13 14 5
14 15 12
15 16 5
16 17 12
17 18 5
18 19 5
19 0 12
O104
20 20
0 7
1 81
2 15
3 24
4 7
5 81
6 15
7 24
8 7
9 81
10 15
11 24
12 7
13 81
14 15
15 24
16 7
17 81
18 15
19 24
0 1 5
1 2 33
2 3 4
3 4 5
4 5 5
5 6 33
6 7 4
7 8 5
8 9 5
9 10 33
10 11 4
11 12 5
12 13 5
13 14 33
14 15 4
15 16 5
16 17 5
17 18 33
18 19 4
19 0 5
O83
20 20
0 10
1 29
2 15
3 15
4 2
5 10
6 29
7 15
8 15
9 2
10 10
11 29
12 15
13 15
14 2
15 10
16 29
17 15
18 15
19 2
0 1 5
1 2 12
2 3 5
3 4 5
4 5 12
5 6 5
6 7 12
7 8 5
8 9 5
9 10 12
10 11 5
11 12 12
12 13 5
13 14 5
14 15 12
15 16 5
16 17 12
17 18 5
18 19 5
19 0 12
O105
30 30
0 14
1 74
2 14
3 74
4 14
5 74
6 14
7 74
8 14
9 74
10 0
11 1
12 0
13 2
14 0
15 1
16 0
17 2
18 0
19 1
20 0
21 2
22 0
23 1
24 0
25 2
26 0
27 1
28 0
29 2
0 1 5
1 10 6
2 3 5
3 14 6
4 5 5
5 18 6
6 7 5
7 22 6
8 9 5
9 26 6
10 11 4
11 12 5
12 13 4
13 14 4
14 15 4
15 16 5
16 17 4
17 18 4
18 19 4
19 20 5
20 21 4
21 22 4
22 23 4
23 24 5
24 25 4
25 26 4
26 27 4
27 28 5
28 29 4
29 10 4
O83
5 5
0 10
1 29
2 15
3 15
4 2
0 1 5
1 2 12
2 3 5
3 4 5
4 0 12
O107
5 5
0 24
1 0
2 18
3 15
4 16
0 1 4
1 2 5
2 3 5
3 4 4
4 0 5
O83
20 20
0 10
1 29
2 15
3 15
4 2
5 10
6 29
7 15
8 15
9 2
10 10
11 29
12 15
13 15
14 2
15 10
16 29
17 15
18 15
19 2
0 1 5
1 2 12
2 3 5
3 4 5
4 5 12
5 6 5
6 7 12
7 8 5
8 9 5
9 10 12
10 11 5
11 12 12
12 13 5
13 14 5
14 15 12
15 16 5
16 17 12
17 18 5
18 19 5
19 0 12
O108
20 20
0 82
1 7
2 11
3 18
4 82
5 7
6 11
7 18
8 82
9 7
10 11
11 18
12 82
13 7
14 11
15 18
16 82
17 7
18 11
19 18
0 1 83
1 2 4
2 3 4
3 4 5
4 5 83
5 6 4
6 7 4
7 8 5
8 9 83
9 10 4
10 11 4
11 12 5
12 13 83
13 14 4
14 15 4
15 16 5
16 17 83
17 18 4
18 19 4
19 0 5
O83
15 15
0 10
1 29
2 15
3 15
4 2
5 10
6 29
7 15
8 15
9 2
10 10
11 29
12 15
13 15
14 2
0 1 5
1 2 12
2 3 5
3 4 5
4 5 12
5 6 5
6 7 12
7 8 5
8 9 5
9 10 12
10 11 5
11 12 12
12 13 5
13 14 5
14 0 12
O109
20 20
0 84
1 84
2 84
3 84
4 84
5 10
6 44
7 2
8 10
9 44
10 2
11 10
12 44
13 2
14 10
15 44
16 2
17 10
18 44
19 2
0 5 4
1 8 4
2 11 4
3 14 4
4 17 4
5 6 4
6 7 4
7 8 5
8 9 4
9 10 4
10 11 5
11 12 4
12 13 4
13 14 5
14 15 4
15 16 4
16 17 5
17 18 4
18 19 4
19 5 5
O83
20 20
0 10
1 29
2 15
3 15
4 2
5 10
6 29
7 15
8 15
9 2
10 10
11 29
12 15
13 15
14 2
15 10
16 29
17 15
18 15
19 2
0 1 5
1 2 12
2 3 5
3 4 5
4 5 12
5 6 5
6 7 12
7 8 5
8 9 5
9 10 12
10 11 5
11 12 12
12 13 5
13 14 5
14 15 12
15 16 5
16 17 12
17 18 5
18 19 5
19 0 12
O110
20 20
0 85
1 7
2 7
3 2
4 85
5 7
6 7
7 2
8 85
9 7
10 7
11 2
12 85
13 7
14 7
15 2
16 85
17 7
18 7
19 2
0 1 5
1 2 4
2 3 4
3 4 5
4 5 5
5 6 4
6 7 4
7 8 5
8 9 5
9 10 4
10 11 4
11 12 5
12 13 5
13 14 4
14 15 4
15 16 5
16 17 5
17 18 4
18 19 4
19 0 5
O83
15 15
0 10
1 29
2 15
3 15
4 2
5 10
6 29
7 15
8 15
9 2
10 10
11 29
12 15
13 15
14 2
0 1 5
1 2 12
2 3 5
3 4 5
4 5 12
5 6 5
6 7 12
7 8 5
8 9 5
9 10 12
10 11 5
11 12 12
12 13 5
13 14 5
14 0 12
O111
25 25
0 52
1 52
2 52
3 52
4 52
5 10
6 7
7 2
8 10
9 7
10 2
11 10
12 7
13 2
14 10
15 7
16 2
17 10
18 7
19 2
20 52
21 52
22 52
23 52
24 52
0 5 12
1 8 12
2 11 12
3 14 12
4 17 12
5 6 5
6 7 4
7 8 5
8 9 5
9 10 4
10 11 5
11 12 5
12 13 4
13 14 5
14 15 5
15 16 4
16 17 5
17 18 5
18 19 4
19 5 5
20 5 4
21 8 4
22 11 4
23 14 4
24 17 4
O83
20 20
0 10
1 29
2 15
3 15
4 2
5 10
6 29
7 15
8 15
9 2
10 10
11 29
12 15
13 15
14 2
15 10
16 29
17 15
18 15
19 2
0 1 5
1 2 12
2 3 5
3 4 5
4 5 12
5 6 5
6 7 12
7 8 5
8 9 5
9 10 12
10 11 5
11 12 12
12 13 5
13 14 5
14 15 12
15 16 5
16 17 12
17 18 5
18 19 5
19 0 12
O112 ab
25 25
0 2
1 2
2 2
3 2
4 2
5 16
6 10
7 86
8 24
9 16
10 10
11 86
12 24
13 16
14 10
15 86
16 24
17 16
18 10
19 86
20 24
21 16
22 10
23 86
24 24
0 5 4
1 9 4
2 13 4
3 17 4
4 21 4
5 6 5
6 7 5
7 8 4
8 9 5
9 10 5
10 11 5
11 12 4
12 13 5
13 14 5
14 15 5
15 16 4
16 17 5
17 18 5
18 19 5
19 20 4
20 21 5
21 22 5
22 23 5
23 24 4
24 5 5
O83
20 20
0 10
1 29
2 15
3 15
4 2
5 10
6 29
7 15
8 15
9 2
10 10
11 29
12 15
13 15
14 2
15 10
16 29
17 15
18 15
19 2
0 1 5
1 2 12
2 3 5
3 4 5
4 5 12
5 6 5
6 7 12
7 8 5
8 9 5
9 10 12
10 11 5
11 12 12
12 13 5
13 14 5
14 15 12
15 16 5
16 17 12
17 18 5
18 19 5
19 0 12
O112 ac
25 25
0 87
1 87
2 87
3 87
4 87
5 16
6 10
7 15
8 24
9 16
10 10
11 15
12 24
13 16
14 10
15 15
16 24
17 16
18 10
19 15
20 24
21 16
22 10
23 15
24 24
0 5 4
1 9 4
2 13 4
3 17 4
4 21 4
5 6 5
6 7 5
7 8 4
8 9 5
9 10 5
10 11 5
11 12 4
12 13 5
13 14 5
14 15 5
15 16 4
16 17 5
17 18 5
18 19 5
19 20 4
20 21 5
21 22 5
22 23 5
23 24 4
24 5 5
O83
20 20
0 10
1 29
2 15
3 15
4 2
5 10
6 29
7 15
8 15
9 2
10 10
11 29
12 15
13 15
14 2
15 10
16 29
17 15
18 15
19 2
0 1 5
1 2 12
2 3 5
3 4 5
4 5 12
5 6 5
6 7 12
7 8 5
8 9 5
9 10 12
10 11 5
11 12 12
12 13 5
13 14 5
14 15 12
15 16 5
16 17 12
17 18 5
18 19 5
19 0 12
O113
25 25
0 16
1 47
2 7
3 2
4 16
5 47
6 7
7 2
8 16
9 47
10 7
11 2
12 16
13 47
14 7
15 2
16 16
17 47
18 7
19 2
20 15
21 15
22 15
23 15
24 15
0 1 5
1 2 4
2 3 4
3 4 5
4 5 5
5 6 4
6 7 4
7 8 5
8 9 5
9 10 4
10 11 4
11 12 5
12 13 5
13 14 4
14 15 4
15 16 5
16 17 5
17 18 4
18 19 4
19 0 5
20 0 4
21 4 4
22 8 4
23 12 4
24 16 4
O83
20 20
0 10
1 29
2 15
3 15
4 2
5 10
6 29
7 15
8 15
9 2
10 10
11 29
12 15
13 15
14 2
15 10
16 29
17 15
18 15
19 2
0 1 5
1 2 12
2 3 5
3 4 5
4 5 12
5 6 5
6 7 12
7 8 5
8 9 5
9 10 12
10 11 5
11 12 12
12 13 5
13 14 5
14 15 12
15 16 5
16 17 12
17 18 5
18 19 5
19 0 12
O114
20 20
0 88
1 14
2 15
3 18
4 88
5 14
6 15
7 18
8 88
9 14
10 15
11 18
12 88
13 14
14 15
15 18
16 88
17 14
18 15
19 18
0 1 4
1 2 5
2 3 4
3 4 5
4 5 4
5 6 5
6 7 4
7 8 5
8 9 4
9 10 5
10 11 4
11 12 5
12 13 4
13 14 5
14 15 4
15 16 5
16 17 4
17 18 5
18 19 4
19 0 5
O83
20 20
0 10
1 29
2 15
3 15
4 2
5 10
6 29
7 15
8 15
9 2
10 10
11 29
12 15
13 15
14 2
15 10
16 29
17 15
18 15
19 2
0 1 5
1 2 12
2 3 5
3 4 5
4 5 12
5 6 5
6 7 12
7 8 5
8 9 5
9 10 12
10 11 5
11 12 12
12 13 5
13 14 5
14 15 12
15 16 5
16 17 12
17 18 5
18 19 5
19 0 12
O115
25 25
0 1
1 1
2 1
3 1
4 1
5 2
6 47
7 21
8 2
9 2
10 47
11 21
12 2
13 2
14 47
15 21
16 2
17 2
18 47
19 21
20 2
21 2
22 47
23 21
24 2
0 5 5
1 9 5
2 13 5
3 17 5
4 21 5
5 6 5
6 7 4
7 8 4
8 9 4
9 10 5
10 11 4
11 12 4
12 13 4
13 14 5
14 15 4
15 16 4
16 17 4
17 18 5
18 19 4
19 20 4
20 21 4
21 22 5
22 23 4
23 24 4
24 5 4
O83
5 5
0 10
1 29
2 15
3 15
4 2
0 1 5
1 2 12
2 3 5
3 4 5
4 0 12
O116
5 5
0 20
1 18
2 16
3 47
4 2
0 1 12
1 2 5
2 3 5
3 4 4
4 0 6
O83
5 5
0 10
1 29
2 15
3 15
4 2
0 1 5
1 2 12
2 3 5
3 4 5
4 0 12
O117
5 5
0 24
1 0
2 10
3 15
4 16
0 1 4
1 2 5
2 3 5
3 4 4
4 0 5
O83
20 20
0 10
1 29
2 15
3 15
4 2
5 10
6 29
7 15
8 15
9 2
10 10
11 29
12 15
13 15
14 2
15 10
16 29
17 15
18 15
19 2
0 1 5
1 2 12
2 3 5
3 4 5
4 5 12
5 6 5
6 7 12
7 8 5
8 9 5
9 10 12
10 11 5
11 12 12
12 13 5
13 14 5
14 15 12
15 16 5
16 17 12
17 18 5
18 19 5
19 0 12
O118
20 20
0 89
1 7
2 90
3 2
4 89
5 7
6 90
7 2
8 89
9 7
10 90
11 2
12 89
13 7
14 90
15 2
16 89
17 7
18 90
19 2
0 1 91
1 2 4
2 3 4
3 4 4
4 5 91
5 6 4
6 7 4
7 8 4
8 9 91
9 10 4
10 11 4
11 12 4
12 13 91
13 14 4
14 15 4
15 16 4
16 17 91
17 18 4
18 19 4
19 0 4
O83
20 20
0 10
1 29
2 15
3 15
4 2
5 10
6 29
7 15
8 15
9 2
10 10
11 29
12 15
13 15
14 2
15 10
16 29
17 15
18 15
19 2
0 1 5
1 2 12
2 3 5
3 4 5
4 5 12
5 6 5
6 7 12
7 8 5
8 9 5
9 10 12
10 11 5
11 12 12
12 13 5
13 14 5
14 15 12
15 16 5
16 17 12
17 18 5
18 19 5
19 0 12
O119
25 25
0 92
1 92
2 92
3 92
4 92
5 17
6 7
7 0
8 18
9 17
10 7
11 0
12 18
13 17
14 7
15 0
16 18
17 17
18 7
19 0
20 18
21 17
22 7
23 0
24 18
0 5 4
1 9 4
2 13 4
3 17 4
4 21 4
5 6 4
6 7 5
7 8 4
8 9 6
9 10 4
10 11 5
11 12 4
12 13 6
13 14 4
14 15 5
15 16 4
16 17 6
17 18 4
18 19 5
19 20 4
20 21 6
21 22 4
22 23 5
23 24 4
24 5 6
O83
5 5
0 10
1 29
2 15
3 15
4 2
0 1 5
1 2 12
2 3 5
3 4 5
4 0 12
O120
6 6
0 0
1 10
2 0
3 0
4 7
5 24
0 1 5
1 2 6
2 3 6
3 4 6
4 5 4
5 1 4
O83
20 20
0 10
1 29
2 15
3 15
4 2
5 10
6 29
7 15
8 15
9 2
10 10
11 29
12 15
13 15
14 2
15 10
16 29
17 15
18 15
19 2
0 1 5
1 2 12
2 3 5
3 4 5
4 5 12
5 6 5
6 7 12
7 8 5
8 9 5
9 10 12
10 11 5
11 12 12
12 13 5
13 14 5
14 15 12
15 16 5
16 17 12
17 18 5
18 19 5
19 0 12
O121
20 20
0 93
1 94
2 78
3 18
4 93
5 94
6 78
7 18
8 93
9 94
10 78
11 18
12 93
13 94
14 78
15 18
16 93
17 94
18 78
19 18
0 1 5
1 2 5
2 3 4
3 4 4
4 5 5
5 6 5
6 7 4
7 8 4
8 9 5
9 10 5
10 11 4
11 12 4
12 13 5
13 14 5
14 15 4
15 16 4
16 17 5
17 18 5
18 19 4
19 0 4
O83
20 20
0 10
1 29
2 15
3 15
4 2
5 10
6 29
7 15
8 15
9 2
10 10
11 29
12 15
13 15
14 2
15 10
16 29
17 15
18 15
19 2
0 1 5
1 2 12
2 3 5
3 4 5
4 5 12
5 6 5
6 7 12
7 8 5
8 9 5
9 10 12
10 11 5
11 12 12
12 13 5
13 14 5
14 15 12
15 16 5
16 17 12
17 18 5
18 19 5
19 0 12
O123
20 20
0 95
1 18
2 77
3 18
4 95
5 18
6 77
7 18
8 95
9 18
10 77
11 18
12 95
13 18
14 77
15 18
16 95
17 18
18 77
19 18
0 1 12
1 2 4
2 3 4
3 4 4
4 5 12
5 6 4
6 7 4
7 8 4
8 9 12
9 10 4
10 11 4
11 12 4
12 13 12
13 14 4
14 15 4
15 16 4
16 17 12
17 18 4
18 19 4
19 0 4
O83
15 15
0 10
1 29
2 15
3 15
4 2
5 10
6 29
7 15
8 15
9 2
10 10
11 29
12 15
13 15
14 2
0 1 5
1 2 12
2 3 5
3 4 5
4 5 12
5 6 5
6 7 12
7 8 5
8 9 5
9 10 12
10 11 5
11 12 12
12 13 5
13 14 5
14 0 12
O124
25 25
0 96
1 10
2 96
3 10
4 96
5 10
6 96
7 10
8 96
9 10
10 15
11 25
12 24
13 15
14 25
15 24
16 15
17 25
18 24
19 15
20 25
21 24
22 15
23 25
24 24
0 1 12
1 10 5
2 3 12
3 13 5
4 5 12
5 16 5
6 7 12
7 19 5
8 9 12
9 22 5
10 11 12
11 12 4
12 13 4
13 14 12
14 15 4
15 16 4
16 17 12
17 18 4
18 19 4
19 20 12
20 21 4
21 22 4
22 23 12
23 24 4
24 10 4
O83
20 20
0 10
1 29
2 15
3 15
4 2
5 10
6 29
7 15
8 15
9 2
10 10
11 29
12 15
13 15
14 2
15 10
16 29
17 15
18 15
19 2
0 1 5
1 2 12
2 3 5
3 4 5
4 5 12
5 6 5
6 7 12
7 8 5
8 9 5
9 10 12
10 11 5
11 12 12
12 13 5
13 14 5
14 15 12
15 16 5
16 17 12
17 18 5
18 19 5
19 0 12
O125 ab
30 30
0 10
1 10
2 10
3 10
4 10
5 24
6 21
7 23
8 16
9 24
10 21
11 23
12 16
13 24
14 21
15 23
16 16
17 24
18 21
19 23
20 16
21 24
22 21
23 23
24 16
25 15
26 15
27 15
28 15
29 15
0 6 4
1 10 4
2 14 4
3 18 4
4 22 4
5 6 6
6 7 4
7 8 4
8 9 5
9 10 6
10 11 4
11 12 4
12 13 5
13 14 6
14 15 4
15 16 4
16 17 5
17 18 6
18 19 4
19 20 4
20 21 5
21 22 6
22 23 4
23 24 4
24 5 5
25 5 4
26 9 4
27 13 4
28 17 4
29 21 4
O83
20 20
0 10
1 29
2 15
3 15
4 2
5 10
6 29
7 15
8 15
9 2
10 10
11 29
12 15
13 15
14 2
15 10
16 29
17 15
18 15
19 2
0 1 5
1 2 12
2 3 5
3 4 5
4 5 12
5 6 5
6 7 12
7 8 5
8 9 5
9 10 12
10 11 5
11 12 12
12 13 5
13 14 5
14 15 12
15 16 5
16 17 12
17 18 5
18 19 5
19 0 12
O126
25 25
0 17
1 15
2 18
3 2
4 17
5 15
6 18
7 2
8 17
9 15
10 18
11 2
12 17
13 15
14 18
15 2
16 17
17 15
18 18
19 2
20 23
21 23
22 23
23 23
24 23
0 1 4
1 2 4
2 3 4
3 4 6
4 5 4
5 6 4
6 7 4
7 8 6
8 9 4
9 10 4
10 11 4
11 12 6
12 13 4
13 14 4
14 15 4
15 16 6
16 17 4
17 18 4
18 19 4
19 0 6
20 1 6
21 5 6
22 9 6
23 13 6
24 17 6
O83
15 15
0 10
1 29
2 15
3 15
4 2
5 10
6 29
7 15
8 15
9 2
10 10
11 29
12 15
13 15
14 2
0 1 5
1 2 12
2 3 5
3 4 5
4 5 12
5 6 5
6 7 12
7 8 5
8 9 5
9 10 12
10 11 5
11 12 12
12 13 5
13 14 5
14 0 12
O126.2
20 20
0 17
1 7
2 2
3 17
4 7
5 2
6 17
7 7
8 2
9 17
10 7
11 2
12 17
13 7
14 2
15 97
16 97
17 97
18 97
19 97
0 1 4
1 2 4
2 3 6
3 4 4
4 5 4
5 6 6
6 7 4
7 8 4
8 9 6
9 10 4
10 11 4
11 12 6
12 13 4
13 14 4
14 0 6
15 1 6
16 4 6
17 7 6
18 10 6
19 13 6
O83
20 20
0 10
1 29
2 15
3 15
4 2
5 10
6 29
7 15
8 15
9 2
10 10
11 29
12 15
13 15
14 2
15 10
16 29
17 15
18 15
19 2
0 1 5
1 2 12
2 3 5
3 4 5
4 5 12
5 6 5
6 7 12
7 8 5
8 9 5
9 10 12
10 11 5
11 12 12
12 13 5
13 14 5
14 15 12
15 16 5
16 17 12
17 18 5
18 19 5
19 0 12
O127
20 20
0 23
1 15
2 16
3 16
4 23
5 15
6 16
7 16
8 23
9 15
10 16
11 16
12 23
13 15
14 16
15 16
16 23
17 15
18 16
19 16
0 1 6
1 2 4
2 3 4
3 4 6
4 5 6
5 6 4
6 7 4
7 8 6
8 9 6
9 10 4
10 11 4
11 12 6
12 13 6
13 14 4
14 15 4
15 16 6
16 17 6
17 18 4
18 19 4
19 0 6
O83
20 20
0 10
1 29
2 15
3 15
4 2
5 10
6 29
7 15
8 15
9 2
10 10
11 29
12 15
13 15
14 2
15 10
16 29
17 15
18 15
19 2
0 1 5
1 2 12
2 3 5
3 4 5
4 5 12
5 6 5
6 7 12
7 8 5
8 9 5
9 10 12
10 11 5
11 12 12
12 13 5
13 14 5
14 15 12
15 16 5
16 17 12
17 18 5
18 19 5
19 0 12
O128 ab
25 25
0 15
1 24
2 7
3 24
4 15
5 24
6 7
7 24
8 15
9 24
10 7
11 24
12 15
13 24
14 7
15 24
16 15
17 24
18 7
19 24
20 23
21 23
22 23
23 23
24 23
0 1 4
1 2 5
2 3 4
3 4 12
4 5 4
5 6 5
6 7 4
7 8 12
8 9 4
9 10 5
10 11 4
11 12 12
12 13 4
13 14 5
14 15 4
15 16 12
16 17 4
17 18 5
18 19 4
19 0 12
20 0 6
21 4 6
22 8 6
23 12 6
24 16 6
O83
20 20
0 10
1 29
2 15
3 15
4 2
5 10
6 29
7 15
8 15
9 2
10 10
11 29
12 15
13 15
14 2
15 10
16 29
17 15
18 15
19 2
0 1 5
1 2 12
2 3 5
3 4 5
4 5 12
5 6 5
6 7 12
7 8 5
8 9 5
9 10 12
10 11 5
11 12 12
12 13 5
13 14 5
14 15 12
15 16 5
16 17 12
17 18 5
18 19 5
19 0 12
O128 ab.2
25 25
0 15
1 24
2 16
3 24
4 15
5 24
6 16
7 24
8 15
9 24
10 16
11 24
12 15
13 24
14 16
15 24
16 15
17 24
18 16
19 24
20 23
21 23
22 23
23 23
24 23
0 1 4
1 2 5
2 3 4
3 4 12
4 5 4
5 6 5
6 7 4
7 8 12
8 9 4
9 10 5
10 11 4
11 12 12
12 13 4
13 14 5
14 15 4
15 16 12
16 17 4
17 18 5
18 19 4
19 0 12
20 0 6
21 4 6
22 8 6
23 12 6
24 16 6
O83
20 20
0 10
1 29
2 15
3 15
4 2
5 10
6 29
7 15
8 15
9 2
10 10
11 29
12 15
13 15
14 2
15 10
16 29
17 15
18 15
19 2
0 1 5
1 2 12
2 3 5
3 4 5
4 5 12
5 6 5
6 7 12
7 8 5
8 9 5
9 10 12
10 11 5
11 12 12
12 13 5
13 14 5
14 15 12
15 16 5
16 17 12
17 18 5
18 19 5
19 0 12
O128 ac
25 25
0 15
1 24
2 7
3 24
4 15
5 24
6 7
7 24
8 15
9 24
10 7
11 24
12 15
13 24
14 7
15 24
16 15
17 24
18 7
19 24
20 23
21 23
22 23
23 23
24 23
0 1 4
1 2 5
2 3 4
3 4 12
4 5 4
5 6 5
6 7 4
7 8 12
8 9 4
9 10 5
10 11 4
11 12 12
12 13 4
13 14 5
14 15 4
15 16 12
16 17 4
17 18 5
18 19 4
19 0 12
20 0 6
21 4 6
22 8 6
23 12 6
24 16 6
O83
20 20
0 10
1 29
2 15
3 15
4 2
5 10
6 29
7 15
8 15
9 2
10 10
11 29
12 15
13 15
14 2
15 10
16 29
17 15
18 15
19 2
0 1 5
1 2 12
2 3 5
3 4 5
4 5 12
5 6 5
6 7 12
7 8 5
8 9 5
9 10 12
10 11 5
11 12 12
12 13 5
13 14 5
14 15 12
15 16 5
16 17 12
17 18 5
18 19 5
19 0 12
O129
25 25
0 10
1 10
2 10
3 10
4 10
5 98
6 0
7 0
8 2
9 98
10 0
11 0
12 2
13 98
14 0
15 0
16 2
17 98
18 0
19 0
20 2
21 98
22 0
23 0
24 2
0 6 4
1 10 4
2 14 4
3 18 4
4 22 4
5 6 6
6 7 4
7 8 4
8 9 6
9 10 6
10 11 4
11 12 4
12 13 6
13 14 6
14 15 4
15 16 4
16 17 6
17 18 6
18 19 4
19 20 4
20 21 6
21 22 6
22 23 4
23 24 4
24 5 6
O83
15 15
0 10
1 29
2 15
3 15
4 2
5 10
6 29
7 15
8 15
9 2
10 10
11 29
12 15
13 15
14 2
0 1 5
1 2 12
2 3 5
3 4 5
4 5 12
5 6 5
6 7 12
7 8 5
8 9 5
9 10 12
10 11 5
11 12 12
12 13 5
13 14 5
14 0 12
O130
25 25
0 99
1 24
2 99
3 24
4 99
5 24
6 99
7 24
8 99
9 24
10 7
11 19
12 24
13 7
14 19
15 24
16 7
17 19
18 24
19 7
20 19
21 24
22 7
23 19
24 24
0 1 100
1 10 4
2 3 100
3 13 4
4 5 100
5 16 4
6 7 100
7 19 4
8 9 100
9 22 4
10 11 12
11 12 4
12 13 5
13 14 12
14 15 4
15 16 5
16 17 12
17 18 4
18 19 5
19 20 12
20 21 4
21 22 5
22 23 12
23 24 4
24 10 5
O83
20 20
0 10
1 29
2 15
3 15
4 2
5 10
6 29
7 15
8 15
9 2
10 10
11 29
12 15
13 15
14 2
15 10
16 29
17 15
18 15
19 2
0 1 5
1 2 12
2 3 5
3 4 5
4 5 12
5 6 5
6 7 12
7 8 5
8 9 5
9 10 12
10 11 5
11 12 12
12 13 5
13 14 5
14 15 12
15 16 5
16 17 12
17 18 5
18 19 5
19 0 12
O131
20 20
0 31
1 15
2 15
3 24
4 31
5 15
6 15
7 24
8 31
9 15
10 15
11 24
12 31
13 15
14 15
15 24
16 31
17 15
18 15
19 24
0 1 83
1 2 12
2 3 4
3 4 101
4 5 83
5 6 12
6 7 4
7 8 101
8 9 83
9 10 12
10 11 4
11 12 101
12 13 83
13 14 12
14 15 4
15 16 101
16 17 83
17 18 12
18 19 4
19 0 101
O83
5 5
0 10
1 29
2 15
3 15
4 2
0 1 5
1 2 12
2 3 5
3 4 5
4 0 12
O132
5 5
0 69
1 26
2 10
3 0
4 2
0 1 4
1 2 5
2 3 6
3 4 4
4 0 6
O83
5 5
0 10
1 29
2 15
3 15
4 2
0 1 5
1 2 12
2 3 5
3 4 5
4 0 12
O133
6 6
0 0
1 0
2 0
3 47
4 18
5 10
0 1 6
1 2 6
2 3 5
3 4 4
4 0 4
5 3 4
O83
20 20
0 10
1 29
2 15
3 15
4 2
5 10
6 29
7 15
8 15
9 2
10 10
11 29
12 15
13 15
14 2
15 10
16 29
17 15
18 15
19 2
0 1 5
1 2 12
2 3 5
3 4 5
4 5 12
5 6 5
6 7 12
7 8 5
8 9 5
9 10 12
10 11 5
11 12 12
12 13 5
13 14 5
14 15 12
15 16 5
16 17 12
17 18 5
18 19 5
19 0 12
O134
20 20
0 46
1 15
2 19
3 24
4 46
5 15
6 19
7 24
8 46
9 15
10 19
11 24
12 46
13 15
14 19
15 24
16 46
17 15
18 19
19 24
0 1 12
1 2 12
2 3 4
3 4 5
4 5 12
5 6 12
6 7 4
7 8 5
8 9 12
9 10 12
10 11 4
11 12 5
12 13 12
13 14 12
14 15 4
15 16 5
16 17 12
17 18 12
18 19 4
19 0 5
O83
20 20
0 10
1 29
2 15
3 15
4 2
5 10
6 29
7 15
8 15
9 2
10 10
11 29
12 15
13 15
14 2
15 10
16 29
17 15
18 15
19 2
0 1 5
1 2 12
2 3 5
3 4 5
4 5 12
5 6 5
6 7 12
7 8 5
8 9 5
9 10 12
10 11 5
11 12 12
12 13 5
13 14 5
14 15 12
15 16 5
16 17 12
17 18 5
18 19 5
19 0 12
O135
25 25
0 10
1 10
2 10
3 10
4 10
5 0
6 0
7 26
8 2
9 0
10 0
11 26
12 2
13 0
14 0
15 26
16 2
17 0
18 0
19 26
20 2
21 0
22 0
23 26
24 2
0 8 12
1 12 12
2 16 12
3 20 12
4 24 12
5 6 6
6 7 4
7 8 4
8 9 6
9 10 6
10 11 4
11 12 4
12 13 6
13 14 6
14 15 4
15 16 4
16 17 6
17 18 6
18 19 4
19 20 4
20 21 6
21 22 6
22 23 4
23 24 4
24 5 6
O83
15 15
0 10
1 29
2 15
3 15
4 2
5 10
6 29
7 15
8 15
9 2
10 10
11 29
12 15
13 15
14 2
0 1 5
1 2 12
2 3 5
3 4 5
4 5 12
5 6 5
6 7 12
7 8 5
8 9 5
9 10 12
10 11 5
11 12 12
12 13 5
13 14 5
14 0 12
O136
15 15
0 102
1 15
2 2
3 102
4 15
5 2
6 102
7 15
8 2
9 102
10 15
11 2
12 102
13 15
14 2
0 1 55
1 2 5
2 3 5
3 4 55
4 5 5
5 6 5
6 7 55
7 8 5
8 9 5
9 10 55
10 11 5
11 12 5
12 13 55
13 14 5
14 0 5
O83
15 15
0 10
1 29
2 15
3 15
4 2
5 10
6 29
7 15
8 15
9 2
10 10
11 29
12 15
13 15
14 2
0 1 5
1 2 12
2 3 5
3 4 5
4 5 12
5 6 5
6 7 12
7 8 5
8 9 5
9 10 12
10 11 5
11 12 12
12 13 5
13 14 5
14 0 12
O137
20 20
0 19
1 19
2 19
3 19
4 19
5 18
6 29
7 2
8 18
9 29
10 2
11 18
12 29
13 2
14 18
15 29
16 2
17 18
18 29
19 2
0 5 5
1 8 5
2 11 5
3 14 5
4 17 5
5 6 5
6 7 5
7 8 12
8 9 5
9 10 5
10 11 12
11 12 5
12 13 5
13 14 12
14 15 5
15 16 5
16 17 12
17 18 5
18 19 5
19 5 12
O83
20 20
0 10
1 29
2 15
3 15
4 2
5 10
6 29
7 15
8 15
9 2
10 10
11 29
12 15
13 15
14 2
15 10
16 29
17 15
18 15
19 2
0 1 5
1 2 12
2 3 5
3 4 5
4 5 12
5 6 5
6 7 12
7 8 5
8 9 5
9 10 12
10 11 5
11 12 12
12 13 5
13 14 5
14 15 12
15 16 5
16 17 12
17 18 5
18 19 5
19 0 12
O138
20 20
0 0
1 0
2 78
3 2
4 0
5 0
6 78
7 2
8 0
9 0
10 78
11 2
12 0
13 0
14 78
15 2
16 0
17 0
18 78
19 2
0 1 4
1 2 5
2 3 4
3 4 6
4 5 4
5 6 5
6 7 4
7 8 6
8 9 4
9 10 5
10 11 4
11 12 6
12 13 4
13 14 5
14 15 4
15 16 6
16 17 4
17 18 5
18 19 4
19 0 6
O83
30 30
0 10
1 29
2 15
3 15
4 2
5 10
6 29
7 15
8 15
9 2
10 10
11 29
12 15
13 15
14 2
15 10
16 29
17 15
18 15
19 2
20 10
21 29
22 15
23 15
24 2
25 10
26 29
27 15
28 15
29 2
0 1 5
1 2 12
2 3 5
3 4 5
4 5 12
5 6 5
6 7 12
7 8 5
8 9 5
9 10 12
10 11 5
11 12 12
12 13 5
13 14 5
14 15 12
15 16 5
16 17 12
17 18 5
18 19 5
19 20 12
20 21 5
21 22 12
22 23 5
23 24 5
24 25 12
25 26 5
26 27 12
27 28 5
28 29 5
29 0 12
O139
35 35
0 19
1 19
2 19
3 19
4 19
5 0
6 47
7 0
8 0
9 0
10 18
11 0
12 47
13 0
14 0
15 0
16 18
17 0
18 47
19 0
20 0
21 0
22 18
23 0
24 47
25 0
26 0
27 0
28 18
29 0
30 47
31 0
32 0
33 0
34 18
0 7 4
1 13 4
2 19 4
3 25 4
4 31 4
5 6 5
6 7 6
7 8 4
8 9 6
9 10 4
10 11 4
11 12 5
12 13 6
13 14 4
14 15 6
15 16 4
16 17 4
17 18 5
18 19 6
19 20 4
20 21 6
21 22 4
22 23 4
23 24 5
24 25 6
25 26 4
26 27 6
27 28 4
28 29 4
29 30 5
30 31 6
31 32 4
32 33 6
33 34 4
34 5 4
O83
20 20
0 10
1 29
2 15
3 15
4 2
5 10
6 29
7 15
8 15
9 2
10 10
11 29
12 15
13 15
14 2
15 10
16 29
17 15
18 15
19 2
0 1 5
1 2 12
2 3 5
3 4 5
4 5 12
5 6 5
6 7 12
7 8 5
8 9 5
9 10 12
10 11 5
11 12 12
12 13 5
13 14 5
14 15 12
15 16 5
16 17 12
17 18 5
18 19 5
19 0 12
O140
30 30
0 69
1 0
2 69
3 0
4 69
5 0
6 69
7 0
8 69
9 0
10 15
11 10
12 29
13 24
14 15
15 10
16 29
17 24
18 15
19 10
20 29
21 24
22 15
23 10
24 29
25 24
26 15
27 10
28 29
29 24
0 1 6
1 10 5
2 3 6
3 14 5
4 5 6
5 18 5
6 7 6
7 22 5
8 9 6
9 26 5
10 11 5
11 12 5
12 13 4
13 14 4
14 15 5
15 16 5
16 17 4
17 18 4
18 19 5
19 20 5
20 21 4
21 22 4
22 23 5
23 24 5
24 25 4
25 26 4
26 27 5
27 28 5
28 29 4
29 10 4
O83
15 15
0 10
1 29
2 15
3 15
4 2
5 10
6 29
7 15
8 15
9 2
10 10
11 29
12 15
13 15
14 2
0 1 5
1 2 12
2 3 5
3 4 5
4 5 12
5 6 5
6 7 12
7 8 5
8 9 5
9 10 12
10 11 5
11 12 12
12 13 5
13 14 5
14 0 12
O141
25 25
0 0
1 0
2 0
3 0
4 0
5 21
6 103
7 2
8 21
9 103
10 2
11 21
12 103
13 2
14 21
15 103
16 2
17 21
18 103
19 2
20 29
21 29
22 29
23 29
24 29
0 5 4
1 8 4
2 11 4
3 14 4
4 17 4
5 6 4
6 7 4
7 8 5
8 9 4
9 10 4
10 11 5
11 12 4
12 13 4
13 14 5
14 15 4
15 16 4
16 17 5
17 18 4
18 19 4
19 5 5
20 5 6
21 8 6
22 11 6
23 14 6
24 17 6
O83
20 20
0 10
1 29
2 15
3 15
4 2
5 10
6 29
7 15
8 15
9 2
10 10
11 29
12 15
13 15
14 2
15 10
16 29
17 15
18 15
19 2
0 1 5
1 2 12
2 3 5
3 4 5
4 5 12
5 6 5
6 7 12
7 8 5
8 9 5
9 10 12
10 11 5
11 12 12
12 13 5
13 14 5
14 15 12
15 16 5
16 17 12
17 18 5
18 19 5
19 0 12
O142
25 25
0 0
1 16
2 16
3 16
4 0
5 16
6 16
7 16
8 0
9 16
10 16
11 16
12 0
13 16
14 16
15 16
16 0
17 16
18 16
19 16
20 2
21 2
22 2
23 2
24 2
0 1 12
1 2 5
2 3 4
3 4 6
4 5 12
5 6 5
6 7 4
7 8 6
8 9 12
9 10 5
10 11 4
11 12 6
12 13 12
13 14 5
14 15 4
15 16 6
16 17 12
17 18 5
18 19 4
19 0 6
20 2 4
21 6 4
22 10 4
23 14 4
24 18 4
O83
20 20
0 10
1 29
2 15
3 15
4 2
5 10
6 29
7 15
8 15
9 2
10 10
11 29
12 15
13 15
14 2
15 10
16 29
17 15
18 15
19 2
0 1 5
1 2 12
2 3 5
3 4 5
4 5 12
5 6 5
6 7 12
7 8 5
8 9 5
9 10 12
10 11 5
11 12 12
12 13 5
13 14 5
14 15 12
15 16 5
16 17 12
17 18 5
18 19 5
19 0 12
O143
25 25
0 99
1 99
2 99
3 99
4 99
5 59
6 16
7 29
8 2
9 59
10 16
11 29
12 2
13 59
14 16
15 29
16 2
17 59
18 16
19 29
20 2
21 59
22 16
23 29
24 2
0 5 104
1 9 104
2 13 104
3 17 104
4 21 104
5 6 4
6 7 5
7 8 4
8 9 6
9 10 4
10 11 5
11 12 4
12 13 6
13 14 4
14 15 5
15 16 4
16 17 6
17 18 4
18 19 5
19 20 4
20 21 6
21 22 4
22 23 5
23 24 4
24 5 6
O83
15 15
0 10
1 29
2 15
3 15
4 2
5 10
6 29
7 15
8 15
9 2
10 10
11 29
12 15
13 15
14 2
0 1 5
1 2 12
2 3 5
3 4 5
4 5 12
5 6 5
6 7 12
7 8 5
8 9 5
9 10 12
10 11 5
11 12 12
12 13 5
13 14 5
14 0 12
O145
15 15
0 31
1 90
2 2
3 31
4 90
5 2
6 31
7 90
8 2
9 31
10 90
11 2
12 31
13 90
14 2
0 1 33
1 2 4
2 3 5
3 4 33
4 5 4
5 6 5
6 7 33
7 8 4
8 9 5
9 10 33
10 11 4
11 12 5
12 13 33
13 14 4
14 0 5
O83
20 20
0 10
1 29
2 15
3 15
4 2
5 10
6 29
7 15
8 15
9 2
10 10
11 29
12 15
13 15
14 2
15 10
16 29
17 15
18 15
19 2
0 1 5
1 2 12
2 3 5
3 4 5
4 5 12
5 6 5
6 7 12
7 8 5
8 9 5
9 10 12
10 11 5
11 12 12
12 13 5
13 14 5
14 15 12
15 16 5
16 17 12
17 18 5
18 19 5
19 0 12
O146
25 25
0 105
1 105
2 105
3 105
4 105
5 0
6 0
7 15
8 24
9 0
10 0
11 15
12 24
13 0
14 0
15 15
16 24
17 0
18 0
19 15
20 24
21 0
22 0
23 15
24 24
0 5 4
1 9 4
2 13 4
3 17 4
4 21 4
5 6 6
6 7 5
7 8 4
8 9 6
9 10 6
10 11 5
11 12 4
12 13 6
13 14 6
14 15 5
15 16 4
16 17 6
17 18 6
18 19 5
19 20 4
20 21 6
21 22 6
22 23 5
23 24 4
24 5 6
O83
20 20
0 10
1 29
2 15
3 15
4 2
5 10
6 29
7 15
8 15
9 2
10 10
11 29
12 15
13 15
14 2
15 10
16 29
17 15
18 15
19 2
0 1 5
1 2 12
2 3 5
3 4 5
4 5 12
5 6 5
6 7 12
7 8 5
8 9 5
9 10 12
10 11 5
11 12 12
12 13 5
13 14 5
14 15 12
15 16 5
16 17 12
17 18 5
18 19 5
19 0 12
O147
20 20
0 0
1 0
2 59
3 24
4 0
5 0
6 59
7 24
8 0
9 0
10 59
11 24
12 0
13 0
14 59
15 24
16 0
17 0
18 59
19 24
0 1 6
1 2 5
2 3 4
3 4 6
4 5 6
5 6 5
6 7 4
7 8 6
8 9 6
9 10 5
10 11 4
11 12 6
12 13 6
13 14 5
14 15 4
15 16 6
16 17 6
17 18 5
18 19 4
19 0 6
O83
20 20
0 10
1 29
2 15
3 15
4 2
5 10
6 29
7 15
8 15
9 2
10 10
11 29
12 15
13 15
14 2
15 10
16 29
17 15
18 15
19 2
0 1 5
1 2 12
2 3 5
3 4 5
4 5 12
5 6 5
6 7 12
7 8 5
8 9 5
9 10 12
10 11 5
11 12 12
12 13 5
13 14 5
14 15 12
15 16 5
16 17 12
17 18 5
18 19 5
19 0 12
O148
20 20
0 0
1 0
2 10
3 18
4 0
5 0
6 10
7 18
8 0
9 0
10 10
11 18
12 0
13 0
14 10
15 18
16 0
17 0
18 10
19 18
0 1 4
1 2 6
2 3 4
3 4 4
4 5 4
5 6 6
6 7 4
7 8 4
8 9 4
9 10 6
10 11 4
11 12 4
12 13 4
13 14 6
14 15 4
15 16 4
16 17 4
17 18 6
18 19 4
19 0 4
O83
15 15
0 10
1 29
2 15
3 15
4 2
5 10
6 29
7 15
8 15
9 2
10 10
11 29
12 15
13 15
14 2
0 1 5
1 2 12
2 3 5
3 4 5
4 5 12
5 6 5
6 7 12
7 8 5
8 9 5
9 10 12
10 11 5
11 12 12
12 13 5
13 14 5
14 0 12
O149
15 15
0 87
1 1
2 2
3 87
4 1
5 2
6 87
7 1
8 2
9 87
10 1
11 2
12 87
13 1
14 2
0 1 4
1 2 5
2 3 4
3 4 4
4 5 5
5 6 4
6 7 4
7 8 5
8 9 4
9 10 4
10 11 5
11 12 4
12 13 4
13 14 5
14 0 4
O83
5 5
0 10
1 29
2 15
3 15
4 2
0 1 5
1 2 12
2 3 5
3 4 5
4 0 12
O150
6 6
0 19
1 106
2 0
3 0
4 0
5 2
0 4 6
1 2 6
2 3 6
3 4 4
4 5 4
5 1 4
O83
20 20
0 10
1 29
2 15
3 15
4 2
5 10
6 29
7 15
8 15
9 2
10 10
11 29
12 15
13 15
14 2
15 10
16 29
17 15
18 15
19 2
0 1 5
1 2 12
2 3 5
3 4 5
4 5 12
5 6 5
6 7 12
7 8 5
8 9 5
9 10 12
10 11 5
11 12 12
12 13 5
13 14 5
14 15 12
15 16 5
16 17 12
17 18 5
18 19 5
19 0 12
O151
25 25
0 2
1 2
2 2
3 2
4 2
5 89
6 7
7 90
8 2
9 89
10 7
11 90
12 2
13 89
14 7
15 90
16 2
17 89
18 7
19 90
20 2
21 89
22 7
23 90
24 2
0 8 5
1 12 5
2 16 5
3 20 5
4 24 5
5 6 91
6 7 4
7 8 4
8 9 6
9 10 91
10 11 4
11 12 4
12 13 6
13 14 91
14 15 4
15 16 4
16 17 6
17 18 91
18 19 4
19 20 4
20 21 6
21 22 91
22 23 4
23 24 4
24 5 6
O83
20 20
0 10
1 29
2 15
3 15
4 2
5 10
6 29
7 15
8 15
9 2
10 10
11 29
12 15
13 15
14 2
15 10
16 29
17 15
18 15
19 2
0 1 5
1 2 12
2 3 5
3 4 5
4 5 12
5 6 5
6 7 12
7 8 5
8 9 5
9 10 12
10 11 5
11 12 12
12 13 5
13 14 5
14 15 12
15 16 5
16 17 12
17 18 5
18 19 5
19 0 12
O152
25 25
0 1
1 1
2 1
3 1
4 1
5 18
6 10
7 19
8 2
9 18
10 10
11 19
12 2
13 18
14 10
15 19
16 2
17 18
18 10
19 19
20 2
21 18
22 10
23 19
24 2
0 5 5
1 9 5
2 13 5
3 17 5
4 21 5
5 6 107
6 7 6
7 8 4
8 9 4
9 10 107
10 11 6
11 12 4
12 13 4
13 14 107
14 15 6
15 16 4
16 17 4
17 18 107
18 19 6
19 20 4
20 21 4
21 22 107
22 23 6
23 24 4
24 5 4
O83
5 5
0 10
1 29
2 15
3 15
4 2
0 1 5
1 2 12
2 3 5
3 4 5
4 0 12
O153
5 5
0 14
1 15
2 18
3 15
4 18
0 1 5
1 2 5
2 3 5
3 4 4
4 0 6
O83
20 20
0 10
1 29
2 15
3 15
4 2
5 10
6 29
7 15
8 15
9 2
10 10
11 29
12 15
13 15
14 2
15 10
16 29
17 15
18 15
19 2
0 1 5
1 2 12
2 3 5
3 4 5
4 5 12
5 6 5
6 7 12
7 8 5
8 9 5
9 10 12
10 11 5
11 12 12
12 13 5
13 14 5
14 15 12
15 16 5
16 17 12
17 18 5
18 19 5
19 0 12
O154
25 25
0 57
1 57
2 57
3 57
4 57
5 0
6 0
7 0
8 16
9 0
10 0
11 0
12 16
13 0
14 0
15 0
16 16
17 0
18 0
19 0
20 16
21 0
22 0
23 0
24 16
0 5 4
1 9 4
2 13 4
3 17 4
4 21 4
5 6 4
6 7 4
7 8 4
8 9 6
9 10 4
10 11 4
11 12 4
12 13 6
13 14 4
14 15 4
15 16 4
16 17 6
17 18 4
18 19 4
19 20 4
20 21 6
21 22 4
22 23 4
23 24 4
24 5 6
O83
15 15
0 10
1 29
2 15
3 15
4 2
5 10
6 29
7 15
8 15
9 2
10 10
11 29
12 15
13 15
14 2
0 1 5
1 2 12
2 3 5
3 4 5
4 5 12
5 6 5
6 7 12
7 8 5
8 9 5
9 10 12
10 11 5
11 12 12
12 13 5
13 14 5
14 0 12
O155
25 25
0 59
1 59
2 59
3 59
4 59
5 7
6 15
7 24
8 7
9 15
10 24
11 7
12 15
13 24
14 7
15 15
16 24
17 7
18 15
19 24
20 7
21 7
22 7
23 7
24 7
0 5 5
1 8 5
2 11 5
3 14 5
4 17 5
5 6 4
6 7 4
7 8 4
8 9 4
9 10 4
10 11 4
11 12 4
12 13 4
13 14 4
14 15 4
15 16 4
16 17 4
17 18 4
18 19 4
19 5 4
20 6 12
21 9 12
22 12 12
23 15 12
24 18 12
O83
20 20
0 10
1 29
2 15
3 15
4 2
5 10
6 29
7 15
8 15
9 2
10 10
11 29
12 15
13 15
14 2
15 10
16 29
17 15
18 15
19 2
0 1 5
1 2 12
2 3 5
3 4 5
4 5 12
5 6 5
6 7 12
7 8 5
8 9 5
9 10 12
10 11 5
11 12 12
12 13 5
13 14 5
14 15 12
15 16 5
16 17 12
17 18 5
18 19 5
19 0 12
O156
25 25
0 23
1 7
2 23
3 2
4 23
5 7
6 23
7 2
8 23
9 7
10 23
11 2
12 23
13 7
14 23
15 2
16 23
17 7
18 23
19 2
20 108
21 108
22 108
23 108
24 108
0 1 12
1 2 4
2 3 4
3 4 5
4 5 12
5 6 4
6 7 4
7 8 5
8 9 12
9 10 4
10 11 4
11 12 5
12 13 12
13 14 4
14 15 4
15 16 5
16 17 12
17 18 4
18 19 4
19 0 5
20 0 4
21 4 4
22 8 4
23 12 4
24 16 4
O83
20 20
0 10
1 29
2 15
3 15
4 2
5 10
6 29
7 15
8 15
9 2
10 10
11 29
12 15
13 15
14 2
15 10
16 29
17 15
18 15
19 2
0 1 5
1 2 12
2 3 5
3 4 5
4 5 12
5 6 5
6 7 12
7 8 5
8 9 5
9 10 12
10 11 5
11 12 12
12 13 5
13 14 5
14 15 12
15 16 5
16 17 12
17 18 5
18 19 5
19 0 12
O157
20 20
0 109
1 23
2 19
3 16
4 109
5 23
6 19
7 16
8 109
9 23
10 19
11 16
12 109
13 23
14 19
15 16
16 109
17 23
18 19
19 16
0 1 4
1 2 5
2 3 4
3 4 6
4 5 4
5 6 5
6 7 4
7 8 6
8 9 4
9 10 5
10 11 4
11 12 6
12 13 4
13 14 5
14 15 4
15 16 6
16 17 4
17 18 5
18 19 4
19 0 6
O83
15 15
0 10
1 29
2 15
3 15
4 2
5 10
6 29
7 15
8 15
9 2
10 10
11 29
12 15
13 15
14 2
0 1 5
1 2 12
2 3 5
3 4 5
4 5 12
5 6 5
6 7 12
7 8 5
8 9 5
9 10 12
10 11 5
11 12 12
12 13 5
13 14 5
14 0 12
O158 ab
25 25
0 10
1 10
2 10
3 10
4 10
5 10
6 16
7 24
8 10
9 16
10 24
11 10
12 16
13 24
14 10
15 16
16 24
17 10
18 16
19 24
20 0
21 0
22 0
23 0
24 0
0 5 12
1 8 12
2 11 12
3 14 12
4 17 12
5 6 4
6 7 4
7 8 5
8 9 4
9 10 4
10 11 5
11 12 4
12 13 4
13 14 5
14 15 4
15 16 4
16 17 5
17 18 4
18 19 4
19 5 5
20 5 4
21 8 4
22 11 4
23 14 4
24 17 4
O83
15 15
0 10
1 29
2 15
3 15
4 2
5 10
6 29
7 15
8 15
9 2
10 10
11 29
12 15
13 15
14 2
0 1 5
1 2 12
2 3 5
3 4 5
4 5 12
5 6 5
6 7 12
7 8 5
8 9 5
9 10 12
10 11 5
11 12 12
12 13 5
13 14 5
14 0 12
O158 ac
25 25
0 0
1 0
2 0
3 0
4 0
5 3
6 47
7 2
8 3
9 47
10 2
11 3
12 47
13 2
14 3
15 47
16 2
17 3
18 47
19 2
20 19
21 19
22 19
23 19
24 19
0 5 4
1 8 4
2 11 4
3 14 4
4 17 4
5 6 5
6 7 4
7 8 5
8 9 5
9 10 4
10 11 5
11 12 5
12 13 4
13 14 5
14 15 5
15 16 4
16 17 5
17 18 5
18 19 4
19 5 5
20 5 12
21 8 12
22 11 12
23 14 12
24 17 12
O83
20 20
0 10
1 29
2 15
3 15
4 2
5 10
6 29
7 15
8 15
9 2
10 10
11 29
12 15
13 15
14 2
15 10
16 29
17 15
18 15
19 2
0 1 5
1 2 12
2 3 5
3 4 5
4 5 12
5 6 5
6 7 12
7 8 5
8 9 5
9 10 12
10 11 5
11 12 12
12 13 5
13 14 5
14 15 12
15 16 5
16 17 12
17 18 5
18 19 5
19 0 12
O159
25 25
0 23
1 23
2 23
3 23
4 23
5 2
6 47
7 23
8 2
9 2
10 47
11 23
12 2
13 2
14 47
15 23
16 2
17 2
18 47
19 23
20 2
21 2
22 47
23 23
24 2
0 5 5
1 9 5
2 13 5
3 17 5
4 21 5
5 6 5
6 7 4
7 8 4
8 9 4
9 10 5
10 11 4
11 12 4
12 13 4
13 14 5
14 15 4
15 16 4
16 17 4
17 18 5
18 19 4
19 20 4
20 21 4
21 22 5
22 23 4
23 24 4
24 5 4
O83
20 20
0 10
1 29
2 15
3 15
4 2
5 10
6 29
7 15
8 15
9 2
10 10
11 29
12 15
13 15
14 2
15 10
16 29
17 15
18 15
19 2
0 1 5
1 2 12
2 3 5
3 4 5
4 5 12
5 6 5
6 7 12
7 8 5
8 9 5
9 10 12
10 11 5
11 12 12
12 13 5
13 14 5
14 15 12
15 16 5
16 17 12
17 18 5
18 19 5
19 0 12
O160
25 25
0 19
1 19
2 19
3 19
4 19
5 2
6 7
7 15
8 24
9 2
10 7
11 15
12 24
13 2
14 7
15 15
16 24
17 2
18 7
19 15
20 24
21 2
22 7
23 15
24 24
0 5 12
1 9 12
2 13 12
3 17 12
4 21 12
5 6 4
6 7 107
7 8 4
8 9 5
9 10 4
10 11 107
11 12 4
12 13 5
13 14 4
14 15 107
15 16 4
16 17 5
17 18 4
18 19 107
19 20 4
20 21 5
21 22 4
22 23 107
23 24 4
24 5 5
O83
15 15
0 10
1 29
2 15
3 15
4 2
5 10
6 29
7 15
8 15
9 2
10 10
11 29
12 15
13 15
14 2
0 1 5
1 2 12
2 3 5
3 4 5
4 5 12
5 6 5
6 7 12
7 8 5
8 9 5
9 10 12
10 11 5
11 12 12
12 13 5
13 14 5
14 0 12
O161
15 15
0 110
1 29
2 2
3 110
4 29
5 2
6 110
7 29
8 2
9 110
10 29
11 2
12 110
13 29
14 2
0 1 55
1 2 4
2 3 101
3 4 55
4 5 4
5 6 101
6 7 55
7 8 4
8 9 101
9 10 55
10 11 4
11 12 101
12 13 55
13 14 4
14 0 101
O83
20 20
0 10
1 29
2 15
3 15
4 2
5 10
6 29
7 15
8 15
9 2
10 10
11 29
12 15
13 15
14 2
15 10
16 29
17 15
18 15
19 2
0 1 5
1 2 12
2 3 5
3 4 5
4 5 12
5 6 5
6 7 12
7 8 5
8 9 5
9 10 12
10 11 5
11 12 12
12 13 5
13 14 5
14 15 12
15 16 5
16 17 12
17 18 5
18 19 5
19 0 12
O163
20 20
0 17
1 29
2 77
3 18
4 17
5 29
6 77
7 18
8 17
9 29
10 77
11 18
12 17
13 29
14 77
15 18
16 17
17 29
18 77
19 18
0 1 5
1 2 4
2 3 4
3 4 6
4 5 5
5 6 4
6 7 4
7 8 6
8 9 5
9 10 4
10 11 4
11 12 6
12 13 5
13 14 4
14 15 4
15 16 6
16 17 5
17 18 4
18 19 4
19 0 6
O83
15 15
0 10
1 29
2 15
3 15
4 2
5 10
6 29
7 15
8 15
9 2
10 10
11 29
12 15
13 15
14 2
0 1 5
1 2 12
2 3 5
3 4 5
4 5 12
5 6 5
6 7 12
7 8 5
8 9 5
9 10 12
10 11 5
11 12 12
12 13 5
13 14 5
14 0 12
O164
25 25
0 19
1 10
2 19
3 10
4 19
5 10
6 19
7 10
8 19
9 10
10 15
11 25
12 24
13 15
14 25
15 24
16 15
17 25
18 24
19 15
20 25
21 24
22 15
23 25
24 24
0 1 12
1 10 5
2 3 12
3 13 5
4 5 12
5 16 5
6 7 12
7 19 5
8 9 12
9 22 5
10 11 12
11 12 4
12 13 4
13 14 12
14 15 4
15 16 4
16 17 12
17 18 4
18 19 4
19 20 12
20 21 4
21 22 4
22 23 12
23 24 4
24 10 4
O83
20 20
0 10
1 29
2 15
3 15
4 2
5 10
6 29
7 15
8 15
9 2
10 10
11 29
12 15
13 15
14 2
15 10
16 29
17 15
18 15
19 2
0 1 5
1 2 12
2 3 5
3 4 5
4 5 12
5 6 5
6 7 12
7 8 5
8 9 5
9 10 12
10 11 5
11 12 12
12 13 5
13 14 5
14 15 12
15 16 5
16 17 12
17 18 5
18 19 5
19 0 12
O165
20 20
0 111
1 15
2 19
3 18
4 111
5 15
6 19
7 18
8 111
9 15
10 19
11 18
12 111
13 15
14 19
15 18
16 111
17 15
18 19
19 18
0 1 83
1 2 5
2 3 4
3 4 101
4 5 83
5 6 5
6 7 4
7 8 101
8 9 83
9 10 5
10 11 4
11 12 101
12 13 83
13 14 5
14 15 4
15 16 101
16 17 83
17 18 5
18 19 4
19 0 101
O83
20 20
0 10
1 29
2 15
3 15
4 2
5 10
6 29
7 15
8 15
9 2
10 10
11 29
12 15
13 15
14 2
15 10
16 29
17 15
18 15
19 2
0 1 5
1 2 12
2 3 5
3 4 5
4 5 12
5 6 5
6 7 12
7 8 5
8 9 5
9 10 12
10 11 5
11 12 12
12 13 5
13 14 5
14 15 12
15 16 5
16 17 12
17 18 5
18 19 5
19 0 12
O166
25 25
0 7
1 7
2 16
3 24
4 7
5 7
6 16
7 24
8 7
9 7
10 16
11 24
12 7
13 7
14 16
15 24
16 7
17 7
18 16
19 24
20 19
21 19
22 19
23 19
24 19
0 1 12
1 2 5
2 3 4
3 4 4
4 5 12
5 6 5
6 7 4
7 8 4
8 9 12
9 10 5
10 11 4
11 12 4
12 13 12
13 14 5
14 15 4
15 16 4
16 17 12
17 18 5
18 19 4
19 0 4
20 2 4
21 6 4
22 10 4
23 14 4
24 18 4
O83
5 5
0 10
1 29
2 15
3 15
4 2
0 1 5
1 2 12
2 3 5
3 4 5
4 0 12
O167
6 6
0 69
1 112
2 18
3 25
4 25
5 2
0 1 5
1 2 4
2 3 6
3 4 56
4 5 4
5 1 6
O83
20 20
0 10
1 29
2 15
3 15
4 2
5 10
6 29
7 15
8 15
9 2
10 10
11 29
12 15
13 15
14 2
15 10
16 29
17 15
18 15
19 2
0 1 5
1 2 12
2 3 5
3 4 5
4 5 12
5 6 5
6 7 12
7 8 5
8 9 5
9 10 12
10 11 5
11 12 12
12 13 5
13 14 5
14 15 12
15 16 5
16 17 12
17 18 5
18 19 5
19 0 12
O168
25 25
0 23
1 23
2 23
3 23
4 23
5 18
6 74
7 23
8 2
9 18
10 74
11 23
12 2
13 18
14 74
15 23
16 2
17 18
18 74
19 23
20 2
21 18
22 74
23 23
24 2
0 5 4
1 9 4
2 13 4
3 17 4
4 21 4
5 6 5
6 7 4
7 8 4
8 9 5
9 10 5
10 11 4
11 12 4
12 13 5
13 14 5
14 15 4
15 16 4
16 17 5
17 18 5
18 19 4
19 20 4
20 21 5
21 22 5
22 23 4
23 24 4
24 5 5
O83
20 20
0 10
1 29
2 15
3 15
4 2
5 10
6 29
7 15
8 15
9 2
10 10
11 29
12 15
13 15
14 2
15 10
16 29
17 15
18 15
19 2
0 1 5
1 2 12
2 3 5
3 4 5
4 5 12
5 6 5
6 7 12
7 8 5
8 9 5
9 10 12
10 11 5
11 12 12
12 13 5
13 14 5
14 15 12
15 16 5
16 17 12
17 18 5
18 19 5
19 0 12
O169
30 30
0 19
1 19
2 19
3 19
4 19
5 7
6 21
7 21
8 24
9 7
10 21
11 21
12 24
13 7
14 21
15 21
16 24
17 7
18 21
19 21
20 24
21 7
22 21
23 21
24 24
25 29
26 29
27 29
28 29
29 29
0 5 12
1 9 12
2 13 12
3 17 12
4 21 12
5 6 12
6 7 6
7 8 4
8 9 4
9 10 12
10 11 6
11 12 4
12 13 4
13 14 12
14 15 6
15 16 4
16 17 4
17 18 12
18 19 6
19 20 4
20 21 4
21 22 12
22 23 6
23 24 4
24 5 4
25 5 5
26 9 5
27 13 5
28 17 5
29 21 5
O83
20 20
0 10
1 29
2 15
3 15
4 2
5 10
6 29
7 15
8 15
9 2
10 10
11 29
12 15
13 15
14 2
15 10
16 29
17 15
18 15
19 2
0 1 5
1 2 12
2 3 5
3 4 5
4 5 12
5 6 5
6 7 12
7 8 5
8 9 5
9 10 12
10 11 5
11 12 12
12 13 5
13 14 5
14 15 12
15 16 5
16 17 12
17 18 5
18 19 5
19 0 12
O170
25 25
0 2
1 29
2 25
3 2
4 2
5 29
6 25
7 2
8 2
9 29
10 25
11 2
12 2
13 29
14 25
15 2
16 2
17 29
18 25
19 2
20 25
21 25
22 25
23 25
24 25
0 1 5
1 2 4
2 3 4
3 4 5
4 5 5
5 6 4
6 7 4
7 8 5
8 9 5
9 10 4
10 11 4
11 12 5
12 13 5
13 14 4
14 15 4
15 16 5
16 17 5
17 18 4
18 19 4
19 0 5
20 0 4
21 4 4
22 8 4
23 12 4
24 16 4
O83
5 5
0 10
1 29
2 15
3 15
4 2
0 1 5
1 2 12
2 3 5
3 4 5
4 0 12
O171
5 5
0 81
1 15
2 19
3 15
4 24
0 1 83
1 2 12
2 3 4
3 4 4
4 0 5
