200
O30
20 20
0 2
1 2
2 2
3 2
4 2
5 19
6 29
7 18
8 19
9 29
10 18
11 19
12 29
13 18
14 19
15 29
16 18
17 19
18 29
19 18
0 6 6
1 9 6
2 12 6
3 15 6
4 18 6
5 6 5
6 7 4
7 8 5
8 9 5
9 10 4
10 11 5
11 12 5
12 13 4
13 14 5
14 15 5
15 16 4
16 17 5
17 18 5
18 19 4
19 5 5
O132
15 15
0 69
1 26
2 10
3 0
4 2
5 69
6 26
7 10
8 0
9 2
10 69
11 26
12 10
13 0
14 2
0 1 4
1 2 5
2 3 6
3 4 4
4 5 6
5 6 4
6 7 5
7 8 6
8 9 4
9 10 6
10 11 4
11 12 5
12 13 6
13 14 4
14 0 6
O30
20 20
0 2
1 2
2 2
3 2
4 2
5 19
6 29
7 18
8 19
9 29
10 18
11 19
12 29
13 18
14 19
15 29
16 18
17 19
18 29
19 18
0 6 6
1 9 6
2 12 6
3 15 6
4 18 6
5 6 5
6 7 4
7 8 5
8 9 5
9 10 4
10 11 5
11 12 5
12 13 4
13 14 5
14 15 5
15 16 4
16 17 5
17 18 5
18 19 4
19 5 5
O133
18 18
0 0
1 0
2 0
3 47
4 18
5 0
6 0
7 0
8 47
9 18
10 0
11 0
12 0
13 47
14 18
15 10
16 10
17 10
0 1 6
1 2 6
2 3 5
3 4 4
4 5 4
5 6 6
6 7 6
7 8 5
8 9 4
9 10 4
10 11 6
11 12 6
12 13 5
13 14 4
14 0 4
15 3 4
16 8 4
17 13 4
O30
16 16
0 2
1 2
2 2
3 2
4 19
5 29
6 18
7 19
8 29
9 18
10 19
11 29
12 18
13 19
14 29
15 18
0 5 6
1 8 6
2 11 6
3 14 6
4 5 5
5 6 4
6 7 5
7 8 5
8 9 4
9 10 5
10 11 5
11 12 4
12 13 5
13 14 5
14 15 4
15 4 5
O134
12 12
0 46
1 15
2 19
3 24
4 46
5 15
6 19
7 24
8 46
9 15
10 19
11 24
0 1 12
1 2 12
2 3 4
3 4 5
4 5 12
5 6 12
6 7 4
7 8 5
8 9 12
9 10 12
10 11 4
11 0 5
O30
16 16
0 2
1 2
2 2
3 2
4 19
5 29
6 18
7 19
8 29
9 18
10 19
11 29
12 18
13 19
14 29
15 18
0 5 6
1 8 6
2 11 6
3 14 6
4 5 5
5 6 4
6 7 5
7 8 5
8 9 4
9 10 5
10 11 5
11 12 4
12 13 5
13 14 5
14 15 4
15 4 5
O135
15 15
0 10
1 10
2 10
3 0
4 0
5 26
6 2
7 0
8 0
9 26
10 2
11 0
12 0
13 26
14 2
0 6 12
1 10 12
2 14 12
3 4 6
4 5 4
5 6 4
6 7 6
7 8 6
8 9 4
9 10 4
10 11 6
11 12 6
12 13 4
13 14 4
14 3 6
O30
4 4
0 2
1 19
2 29
3 18
0 2 6
1 2 5
2 3 4
3 1 5
O136
3 3
0 102
1 15
2 2
0 1 55
1 2 5
2 0 5
O30
4 4
0 2
1 19
2 29
3 18
0 2 6
1 2 5
2 3 4
3 1 5
O137
4 4
0 19
1 18
2 29
3 2
0 1 5
1 2 5
2 3 5
3 1 12
O30
16 16
0 2
1 2
2 2
3 2
4 19
5 29
6 18
7 19
8 29
9 18
10 19
11 29
12 18
13 19
14 29
15 18
0 5 6
1 8 6
2 11 6
3 14 6
4 5 5
5 6 4
6 7 5
7 8 5
8 9 4
9 10 5
10 11 5
11 12 4
12 13 5
13 14 5
14 15 4
15 4 5
O138
12 12
0 0
1 0
2 78
3 2
4 0
5 0
6 78
7 2
8 0
9 0
10 78
11 2
0 1 4
1 2 5
2 3 4
3 4 6
4 5 4
5 6 5
6 7 4
7 8 6
8 9 4
9 10 5
10 11 4
11 0 6
O30
8 8
0 2
1 2
2 19
3 29
4 18
5 19
6 29
7 18
0 3 6
1 6 6
2 3 5
3 4 4
4 5 5
5 6 5
6 7 4
7 2 5
O139
7 7
0 19
1 0
2 47
3 0
4 0
5 0
6 18
0 3 4
1 2 5
2 3 6
3 4 4
4 5 6
5 6 4
6 1 4
O30
16 16
0 2
1 2
2 2
3 2
4 19
5 29
6 18
7 19
8 29
9 18
10 19
11 29
12 18
13 19
14 29
15 18
0 5 6
1 8 6
2 11 6
3 14 6
4 5 5
5 6 4
6 7 5
7 8 5
8 9 4
9 10 5
10 11 5
11 12 4
12 13 5
13 14 5
14 15 4
15 4 5
O140
18 18
0 69
1 0
2 69
3 0
4 69
5 0
6 15
7 10
8 29
9 24
10 15
11 10
12 29
13 24
14 15
15 10
16 29
17 24
0 1 6
1 6 5
2 3 6
3 10 5
4 5 6
5 14 5
6 7 5
7 8 5
8 9 4
9 10 4
10 11 5
11 12 5
12 13 4
13 14 4
14 15 5
15 16 5
16 17 4
17 6 4
O30
4 4
0 2
1 19
2 29
3 18
0 2 6
1 2 5
2 3 4
3 1 5
O141
5 5
0 0
1 21
2 103
3 2
4 29
0 1 4
1 2 4
2 3 4
3 1 5
4 1 6
O30
16 16
0 2
1 2
2 2
3 2
4 19
5 29
6 18
7 19
8 29
9 18
10 19
11 29
12 18
13 19
14 29
15 18
0 5 6
1 8 6
2 11 6
3 14 6
4 5 5
5 6 4
6 7 5
7 8 5
8 9 4
9 10 5
10 11 5
11 12 4
12 13 5
13 14 5
14 15 4
15 4 5
O142
15 15
0 0
1 16
2 16
3 16
4 0
5 16
6 16
7 16
8 0
9 16
10 16
11 16
12 2
13 2
14 2
0 1 12
1 2 5
2 3 4
3 4 6
4 5 12
5 6 5
6 7 4
7 8 6
8 9 12
9 10 5
10 11 4
11 0 6
12 2 4
13 6 4
14 10 4
O30
16 16
0 2
1 2
2 2
3 2
4 19
5 29
6 18
7 19
8 29
9 18
10 19
11 29
12 18
13 19
14 29
15 18
0 5 6
1 8 6
2 11 6
3 14 6
4 5 5
5 6 4
6 7 5
7 8 5
8 9 4
9 10 5
10 11 5
11 12 4
12 13 5
13 14 5
14 15 4
15 4 5
O143
15 15
0 99
1 99
2 99
3 59
4 16
5 29
6 2
7 59
8 16
9 29
10 2
11 59
12 16
13 29
14 2
0 3 104
1 7 104
2 11 104
3 4 4
4 5 5
5 6 4
6 7 6
7 8 4
8 9 5
9 10 4
10 11 6
11 12 4
12 13 5
13 14 4
14 3 6
O30
4 4
0 2
1 19
2 29
3 18
0 2 6
1 2 5
2 3 4
3 1 5
O145
3 3
0 31
1 90
2 2
0 1 33
1 2 4
2 0 5
O30
16 16
0 2
1 2
2 2
3 2
4 19
5 29
6 18
7 19
8 29
9 18
10 19
11 29
12 18
13 19
14 29
15 18
0 5 6
1 8 6
2 11 6
3 14 6
4 5 5
5 6 4
6 7 5
7 8 5
8 9 4
9 10 5
10 11 5
11 12 4
12 13 5
13 14 5
14 15 4
15 4 5
O146
15 15
0 105
1 105
2 105
3 0
4 0
5 15
6 24
7 0
8 0
9 15
10 24
11 0
12 0
13 15
14 24
0 3 4
1 7 4
2 11 4
3 4 6
4 5 5
5 6 4
6 7 6
7 8 6
8 9 5
9 10 4
10 11 6
11 12 6
12 13 5
13 14 4
14 3 6
O30
16 16
0 2
1 2
2 2
3 2
4 19
5 29
6 18
7 19
8 29
9 18
10 19
11 29
12 18
13 19
14 29
15 18
0 5 6
1 8 6
2 11 6
3 14 6
4 5 5
5 6 4
6 7 5
7 8 5
8 9 4
9 10 5
10 11 5
11 12 4
12 13 5
13 14 5
14 15 4
15 4 5
O147
12 12
0 0
1 0
2 59
3 24
4 0
5 0
6 59
7 24
8 0
9 0
10 59
11 24
0 1 6
1 2 5
2 3 4
3 4 6
4 5 6
5 6 5
6 7 4
7 8 6
8 9 6
9 10 5
10 11 4
11 0 6
O30
16 16
0 2
1 2
2 2
3 2
4 19
5 29
6 18
7 19
8 29
9 18
10 19
11 29
12 18
13 19
14 29
15 18
0 5 6
1 8 6
2 11 6
3 14 6
4 5 5
5 6 4
6 7 5
7 8 5
8 9 4
9 10 5
10 11 5
11 12 4
12 13 5
13 14 5
14 15 4
15 4 5
O148
12 12
0 0
1 0
2 10
3 18
4 0
5 0
6 10
7 18
8 0
9 0
10 10
11 18
0 1 4
1 2 6
2 3 4
3 4 4
4 5 4
5 6 6
6 7 4
7 8 4
8 9 4
9 10 6
10 11 4
11 0 4
O30
4 4
0 2
1 19
2 29
3 18
0 2 6
1 2 5
2 3 4
3 1 5
O149
3 3
0 87
1 1
2 2
0 1 4
1 2 5
2 0 4
O30
20 20
0 2
1 2
2 2
3 2
4 2
5 19
6 29
7 18
8 19
9 29
10 18
11 19
12 29
13 18
14 19
15 29
16 18
17 19
18 29
19 18
0 6 6
1 9 6
2 12 6
3 15 6
4 18 6
5 6 5
6 7 4
7 8 5
8 9 5
9 10 4
10 11 5
11 12 5
12 13 4
13 14 5
14 15 5
15 16 4
16 17 5
17 18 5
18 19 4
19 5 5
O150
18 18
0 19
1 19
2 19
3 106
4 0
5 0
6 0
7 2
8 106
9 0
10 0
11 0
12 2
13 106
14 0
15 0
16 0
17 2
0 6 6
1 11 6
2 16 6
3 4 6
4 5 6
5 6 4
6 7 4
7 8 4
8 9 6
9 10 6
10 11 4
11 12 4
12 13 4
13 14 6
14 15 6
15 16 4
16 17 4
17 3 4
O30
16 16
0 2
1 2
2 2
3 2
4 19
5 29
6 18
7 19
8 29
9 18
10 19
11 29
12 18
13 19
14 29
15 18
0 5 6
1 8 6
2 11 6
3 14 6
4 5 5
5 6 4
6 7 5
7 8 5
8 9 4
9 10 5
10 11 5
11 12 4
12 13 5
13 14 5
14 15 4
15 4 5
O151
15 15
0 2
1 2
2 2
3 89
4 7
5 90
6 2
7 89
8 7
9 90
10 2
11 89
12 7
13 90
14 2
0 6 5
1 10 5
2 14 5
3 4 91
4 5 4
5 6 4
6 7 6
7 8 91
8 9 4
9 10 4
10 11 6
11 12 91
12 13 4
13 14 4
14 3 6
O30
16 16
0 2
1 2
2 2
3 2
4 19
5 29
6 18
7 19
8 29
9 18
10 19
11 29
12 18
13 19
14 29
15 18
0 5 6
1 8 6
2 11 6
3 14 6
4 5 5
5 6 4
6 7 5
7 8 5
8 9 4
9 10 5
10 11 5
11 12 4
12 13 5
13 14 5
14 15 4
15 4 5
O152
15 15
0 1
1 1
2 1
3 18
4 10
5 19
6 2
7 18
8 10
9 19
10 2
11 18
12 10
13 19
14 2
0 3 5
1 7 5
2 11 5
3 4 107
4 5 6
5 6 4
6 7 4
7 8 107
8 9 6
9 10 4
10 11 4
11 12 107
12 13 6
13 14 4
14 3 4
O30
20 20
0 2
1 2
2 2
3 2
4 2
5 19
6 29
7 18
8 19
9 29
10 18
11 19
12 29
13 18
14 19
15 29
16 18
17 19
18 29
19 18
0 6 6
1 9 6
2 12 6
3 15 6
4 18 6
5 6 5
6 7 4
7 8 5
8 9 5
9 10 4
10 11 5
11 12 5
12 13 4
13 14 5
14 15 5
15 16 4
16 17 5
17 18 5
18 19 4
19 5 5
O153
15 15
0 14
1 15
2 18
3 15
4 18
5 14
6 15
7 18
8 15
9 18
10 14
11 15
12 18
13 15
14 18
0 1 5
1 2 5
2 3 5
3 4 4
4 5 6
5 6 5
6 7 5
7 8 5
8 9 4
9 10 6
10 11 5
11 12 5
12 13 5
13 14 4
14 0 6
O30
16 16
0 2
1 2
2 2
3 2
4 19
5 29
6 18
7 19
8 29
9 18
10 19
11 29
12 18
13 19
14 29
15 18
0 5 6
1 8 6
2 11 6
3 14 6
4 5 5
5 6 4
6 7 5
7 8 5
8 9 4
9 10 5
10 11 5
11 12 4
12 13 5
13 14 5
14 15 4
15 4 5
O154
15 15
0 57
1 57
2 57
3 0
4 0
5 0
6 16
7 0
8 0
9 0
10 16
11 0
12 0
13 0
14 16
0 3 4
1 7 4
2 11 4
3 4 4
4 5 4
5 6 4
6 7 6
7 8 4
8 9 4
9 10 4
10 11 6
11 12 4
12 13 4
13 14 4
14 3 6
O30
4 4
0 2
1 19
2 29
3 18
0 2 6
1 2 5
2 3 4
3 1 5
O155
5 5
0 59
1 7
2 15
3 24
4 7
0 1 5
1 2 4
2 3 4
3 1 4
4 2 12
O30
16 16
0 2
1 2
2 2
3 2
4 19
5 29
6 18
7 19
8 29
9 18
10 19
11 29
12 18
13 19
14 29
15 18
0 5 6
1 8 6
2 11 6
3 14 6
4 5 5
5 6 4
6 7 5
7 8 5
8 9 4
9 10 5
10 11 5
11 12 4
12 13 5
13 14 5
14 15 4
15 4 5
O156
15 15
0 23
1 7
2 23
3 2
4 23
5 7
6 23
7 2
8 23
9 7
10 23
11 2
12 108
13 108
14 108
0 1 12
1 2 4
2 3 4
3 4 5
4 5 12
5 6 4
6 7 4
7 8 5
8 9 12
9 10 4
10 11 4
11 0 5
12 0 4
13 4 4
14 8 4
O30
16 16
0 2
1 2
2 2
3 2
4 19
5 29
6 18
7 19
8 29
9 18
10 19
11 29
12 18
13 19
14 29
15 18
0 5 6
1 8 6
2 11 6
3 14 6
4 5 5
5 6 4
6 7 5
7 8 5
8 9 4
9 10 5
10 11 5
11 12 4
12 13 5
13 14 5
14 15 4
15 4 5
O157
12 12
0 109
1 23
2 19
3 16
4 109
5 23
6 19
7 16
8 109
9 23
10 19
11 16
0 1 4
1 2 5
2 3 4
3 4 6
4 5 4
5 6 5
6 7 4
7 8 6
8 9 4
9 10 5
10 11 4
11 0 6
O30
4 4
0 2
1 19
2 29
3 18
0 2 6
1 2 5
2 3 4
3 1 5
O158 ab
5 5
0 10
1 10
2 16
3 24
4 0
0 1 12
1 2 4
2 3 4
3 1 5
4 1 4
O30
4 4
0 2
1 19
2 29
3 18
0 2 6
1 2 5
2 3 4
3 1 5
O158 ac
5 5
0 0
1 3
2 47
3 2
4 19
0 1 4
1 2 5
2 3 4
3 1 5
4 1 12
O30
16 16
0 2
1 2
2 2
3 2
4 19
5 29
6 18
7 19
8 29
9 18
10 19
11 29
12 18
13 19
14 29
15 18
0 5 6
1 8 6
2 11 6
3 14 6
4 5 5
5 6 4
6 7 5
7 8 5
8 9 4
9 10 5
10 11 5
11 12 4
12 13 5
13 14 5
14 15 4
15 4 5
O159
15 15
0 23
1 23
2 23
3 2
4 47
5 23
6 2
7 2
8 47
9 23
10 2
11 2
12 47
13 23
14 2
0 3 5
1 7 5
2 11 5
3 4 5
4 5 4
5 6 4
6 7 4
7 8 5
8 9 4
9 10 4
10 11 4
11 12 5
12 13 4
13 14 4
14 3 4
O30
16 16
0 2
1 2
2 2
3 2
4 19
5 29
6 18
7 19
8 29
9 18
10 19
11 29
12 18
13 19
14 29
15 18
0 5 6
1 8 6
2 11 6
3 14 6
4 5 5
5 6 4
6 7 5
7 8 5
8 9 4
9 10 5
10 11 5
11 12 4
12 13 5
13 14 5
14 15 4
15 4 5
O160
15 15
0 19
1 19
2 19
3 2
4 7
5 15
6 24
7 2
8 7
9 15
10 24
11 2
12 7
13 15
14 24
0 3 12
1 7 12
2 11 12
3 4 4
4 5 107
5 6 4
6 7 5
7 8 4
8 9 107
9 10 4
10 11 5
11 12 4
12 13 107
13 14 4
14 3 5
O30
4 4
0 2
1 19
2 29
3 18
0 2 6
1 2 5
2 3 4
3 1 5
O161
3 3
0 110
1 29
2 2
0 1 55
1 2 4
2 0 101
O30
16 16
0 2
1 2
2 2
3 2
4 19
5 29
6 18
7 19
8 29
9 18
10 19
11 29
12 18
13 19
14 29
15 18
0 5 6
1 8 6
2 11 6
3 14 6
4 5 5
5 6 4
6 7 5
7 8 5
8 9 4
9 10 5
10 11 5
11 12 4
12 13 5
13 14 5
14 15 4
15 4 5
O163
12 12
0 17
1 29
2 77
3 18
4 17
5 29
6 77
7 18
8 17
9 29
10 77
11 18
0 1 5
1 2 4
2 3 4
3 4 6
4 5 5
5 6 4
6 7 4
7 8 6
8 9 5
9 10 4
10 11 4
11 0 6
O30
4 4
0 2
1 19
2 29
3 18
0 2 6
1 2 5
2 3 4
3 1 5
O164
5 5
0 19
1 10
2 15
3 25
4 24
0 1 12
1 2 5
2 3 12
3 4 4
4 2 4
O30
16 16
0 2
1 2
2 2
3 2
4 19
5 29
6 18
7 19
8 29
9 18
10 19
11 29
12 18
13 19
14 29
15 18
0 5 6
1 8 6
2 11 6
3 14 6
4 5 5
5 6 4
6 7 5
7 8 5
8 9 4
9 10 5
10 11 5
11 12 4
12 13 5
13 14 5
14 15 4
15 4 5
O165
12 12
0 111
1 15
2 19
3 18
4 111
5 15
6 19
7 18
8 111
9 15
10 19
11 18
0 1 83
1 2 5
2 3 4
3 4 101
4 5 83
5 6 5
6 7 4
7 8 101
8 9 83
9 10 5
10 11 4
11 0 101
O30
16 16
0 2
1 2
2 2
3 2
4 19
5 29
6 18
7 19
8 29
9 18
10 19
11 29
12 18
13 19
14 29
15 18
0 5 6
1 8 6
2 11 6
3 14 6
4 5 5
5 6 4
6 7 5
7 8 5
8 9 4
9 10 5
10 11 5
11 12 4
12 13 5
13 14 5
14 15 4
15 4 5
O166
15 15
0 7
1 7
2 16
3 24
4 7
5 7
6 16
7 24
8 7
9 7
10 16
11 24
12 19
13 19
14 19
0 1 12
1 2 5
2 3 4
3 4 4
4 5 12
5 6 5
6 7 4
7 8 4
8 9 12
9 10 5
10 11 4
11 0 4
12 2 4
13 6 4
14 10 4
O30
20 20
0 2
1 2
2 2
3 2
4 2
5 19
6 29
7 18
8 19
9 29
10 18
11 19
12 29
13 18
14 19
15 29
16 18
17 19
18 29
19 18
0 6 6
1 9 6
2 12 6
3 15 6
4 18 6
5 6 5
6 7 4
7 8 5
8 9 5
9 10 4
10 11 5
11 12 5
12 13 4
13 14 5
14 15 5
15 16 4
16 17 5
17 18 5
18 19 4
19 5 5
O167
18 18
0 69
1 69
2 69
3 112
4 18
5 25
6 25
7 2
8 112
9 18
10 25
11 25
12 2
13 112
14 18
15 25
16 25
17 2
0 3 5
1 8 5
2 13 5
3 4 4
4 5 6
5 6 56
6 7 4
7 8 6
8 9 4
9 10 6
10 11 56
11 12 4
12 13 6
13 14 4
14 15 6
15 16 56
16 17 4
17 3 6
O30
16 16
0 2
1 2
2 2
3 2
4 19
5 29
6 18
7 19
8 29
9 18
10 19
11 29
12 18
13 19
14 29
15 18
0 5 6
1 8 6
2 11 6
3 14 6
4 5 5
5 6 4
6 7 5
7 8 5
8 9 4
9 10 5
10 11 5
11 12 4
12 13 5
13 14 5
14 15 4
15 4 5
O168
15 15
0 23
1 23
2 23
3 18
4 74
5 23
6 2
7 18
8 74
9 23
10 2
11 18
12 74
13 23
14 2
0 3 4
1 7 4
2 11 4
3 4 5
4 5 4
5 6 4
6 7 5
7 8 5
8 9 4
9 10 4
10 11 5
11 12 5
12 13 4
13 14 4
14 3 5
O30
16 16
0 2
1 2
2 2
3 2
4 19
5 29
6 18
7 19
8 29
9 18
10 19
11 29
12 18
13 19
14 29
15 18
0 5 6
1 8 6
2 11 6
3 14 6
4 5 5
5 6 4
6 7 5
7 8 5
8 9 4
9 10 5
10 11 5
11 12 4
12 13 5
13 14 5
14 15 4
15 4 5
O169
18 18
0 19
1 19
2 19
3 7
4 21
5 21
6 24
7 7
8 21
9 21
10 24
11 7
12 21
13 21
14 24
15 29
16 29
17 29
0 3 12
1 7 12
2 11 12
3 4 12
4 5 6
5 6 4
6 7 4
7 8 12
8 9 6
9 10 4
10 11 4
11 12 12
12 13 6
13 14 4
14 3 4
15 3 5
16 7 5
17 11 5
O30
16 16
0 2
1 2
2 2
3 2
4 19
5 29
6 18
7 19
8 29
9 18
10 19
11 29
12 18
13 19
14 29
15 18
0 5 6
1 8 6
2 11 6
3 14 6
4 5 5
5 6 4
6 7 5
7 8 5
8 9 4
9 10 5
10 11 5
11 12 4
12 13 5
13 14 5
14 15 4
15 4 5
O170
15 15
0 2
1 29
2 25
3 2
4 2
5 29
6 25
7 2
8 2
9 29
10 25
11 2
12 25
13 25
14 25
0 1 5
1 2 4
2 3 4
3 4 5
4 5 5
5 6 4
6 7 4
7 8 5
8 9 5
9 10 4
10 11 4
11 0 5
12 0 4
13 4 4
14 8 4
O30
20 20
0 2
1 2
2 2
3 2
4 2
5 19
6 29
7 18
8 19
9 29
10 18
11 19
12 29
13 18
14 19
15 29
16 18
17 19
18 29
19 18
0 6 6
1 9 6
2 12 6
3 15 6
4 18 6
5 6 5
6 7 4
7 8 5
8 9 5
9 10 4
10 11 5
11 12 5
12 13 4
13 14 5
14 15 5
15 16 4
16 17 5
17 18 5
18 19 4
19 5 5
O171
15 15
0 81
1 15
2 19
3 15
4 24
5 81
6 15
7 19
8 15
9 24
10 81
11 15
12 19
13 15
14 24
0 1 83
1 2 12
2 3 4
3 4 4
4 5 5
5 6 83
6 7 12
7 8 4
8 9 4
9 10 5
10 11 83
11 12 12
12 13 4
13 14 4
14 0 5
O30
20 20
0 2
1 2
2 2
3 2
4 2
5 19
6 29
7 18
8 19
9 29
10 18
11 19
12 29
13 18
14 19
15 29
16 18
17 19
18 29
19 18
0 6 6
1 9 6
2 12 6
3 15 6
4 18 6
5 6 5
6 7 4
7 8 5
8 9 5
9 10 4
10 11 5
11 12 5
12 13 4
13 14 5
14 15 5
15 16 4
16 17 5
17 18 5
18 19 4
19 5 5
O172
15 15
0 11
1 113
2 10
3 11
4 18
5 11
6 113
7 10
8 11
9 18
10 11
11 113
12 10
13 11
14 18
0 1 5
1 2 114
2 3 4
3 4 4
4 5 4
5 6 5
6 7 114
7 8 4
8 9 4
9 10 4
10 11 5
11 12 114
12 13 4
13 14 4
14 0 4
O30
16 16
0 2
1 2
2 2
3 2
4 19
5 29
6 18
7 19
8 29
9 18
10 19
11 29
12 18
13 19
14 29
15 18
0 5 6
1 8 6
2 11 6
3 14 6
4 5 5
5 6 4
6 7 5
7 8 5
8 9 4
9 10 5
10 11 5
11 12 4
12 13 5
13 14 5
14 15 4
15 4 5
O173
15 15
0 23
1 23
2 23
3 10
4 10
5 19
6 2
7 10
8 10
9 19
10 2
11 10
12 10
13 19
14 2
0 3 5
1 7 5
2 11 5
3 4 107
4 5 6
5 6 4
6 7 4
7 8 107
8 9 6
9 10 4
10 11 4
11 12 107
12 13 6
13 14 4
14 3 4
O30
4 4
0 2
1 19
2 29
3 18
0 2 6
1 2 5
2 3 4
3 1 5
O174 ab
4 4
0 2
1 29
2 15
3 24
0 1 6
1 2 4
2 3 4
3 1 5
O30
4 4
0 2
1 19
2 29
3 18
0 2 6
1 2 5
2 3 4
3 1 5
O174 ac
4 4
0 2
1 29
2 15
3 2
0 1 6
1 2 4
2 3 4
3 1 5
O30
20 20
0 2
1 2
2 2
3 2
4 2
5 19
6 29
7 18
8 19
9 29
10 18
11 19
12 29
13 18
14 19
15 29
16 18
17 19
18 29
19 18
0 6 6
1 9 6
2 12 6
3 15 6
4 18 6
5 6 5
6 7 4
7 8 5
8 9 5
9 10 4
10 11 5
11 12 5
12 13 4
13 14 5
14 15 5
15 16 4
16 17 5
17 18 5
18 19 4
19 5 5
O175
15 15
0 10
1 74
2 21
3 21
4 24
5 10
6 74
7 21
8 21
9 24
10 10
11 74
12 21
13 21
14 24
0 1 5
1 2 4
2 3 6
3 4 4
4 5 6
5 6 5
6 7 4
7 8 6
8 9 4
9 10 6
10 11 5
11 12 4
12 13 6
13 14 4
14 0 6
O30
16 16
0 2
1 2
2 2
3 2
4 19
5 29
6 18
7 19
8 29
9 18
10 19
11 29
12 18
13 19
14 29
15 18
0 5 6
1 8 6
2 11 6
3 14 6
4 5 5
5 6 4
6 7 5
7 8 5
8 9 4
9 10 5
10 11 5
11 12 4
12 13 5
13 14 5
14 15 4
15 4 5
O176
12 12
0 21
1 21
2 17
3 16
4 21
5 21
6 17
7 16
8 21
9 21
10 17
11 16
0 1 6
1 2 6
2 3 4
3 4 5
4 5 6
5 6 6
6 7 4
7 8 5
8 9 6
9 10 6
10 11 4
11 0 5
O30
16 16
0 2
1 2
2 2
3 2
4 19
5 29
6 18
7 19
8 29
9 18
10 19
11 29
12 18
13 19
14 29
15 18
0 5 6
1 8 6
2 11 6
3 14 6
4 5 5
5 6 4
6 7 5
7 8 5
8 9 4
9 10 5
10 11 5
11 12 4
12 13 5
13 14 5
14 15 4
15 4 5
O177
12 12
0 0
1 11
2 11
3 2
4 0
5 11
6 11
7 2
8 0
9 11
10 11
11 2
0 1 4
1 2 4
2 3 4
3 4 6
4 5 4
5 6 4
6 7 4
7 8 6
8 9 4
9 10 4
10 11 4
11 0 6
O30
20 20
0 2
1 2
2 2
3 2
4 2
5 19
6 29
7 18
8 19
9 29
10 18
11 19
12 29
13 18
14 19
15 29
16 18
17 19
18 29
19 18
0 6 6
1 9 6
2 12 6
3 15 6
4 18 6
5 6 5
6 7 4
7 8 5
8 9 5
9 10 4
10 11 5
11 12 5
12 13 4
13 14 5
14 15 5
15 16 4
16 17 5
17 18 5
18 19 4
19 5 5
O178
15 15
0 18
1 47
2 14
3 15
4 24
5 18
6 47
7 14
8 15
9 24
10 18
11 47
12 14
13 15
14 24
0 1 5
1 2 6
2 3 5
3 4 4
4 5 5
5 6 5
6 7 6
7 8 5
8 9 4
9 10 5
10 11 5
11 12 6
12 13 5
13 14 4
14 0 5
O30
16 16
0 2
1 2
2 2
3 2
4 19
5 29
6 18
7 19
8 29
9 18
10 19
11 29
12 18
13 19
14 29
15 18
0 5 6
1 8 6
2 11 6
3 14 6
4 5 5
5 6 4
6 7 5
7 8 5
8 9 4
9 10 5
10 11 5
11 12 4
12 13 5
13 14 5
14 15 4
15 4 5
O180
12 12
0 115
1 0
2 1
3 18
4 115
5 0
6 1
7 18
8 115
9 0
10 1
11 18
0 1 6
1 2 4
2 3 5
3 4 5
4 5 6
5 6 4
6 7 5
7 8 5
8 9 6
9 10 4
10 11 5
11 0 5
O30
16 16
0 2
1 2
2 2
3 2
4 19
5 29
6 18
7 19
8 29
9 18
10 19
11 29
12 18
13 19
14 29
15 18
0 5 6
1 8 6
2 11 6
3 14 6
4 5 5
5 6 4
6 7 5
7 8 5
8 9 4
9 10 5
10 11 5
11 12 4
12 13 5
13 14 5
14 15 4
15 4 5
O181
15 15
0 77
1 77
2 77
3 116
4 10
5 77
6 2
7 116
8 10
9 77
10 2
11 116
12 10
13 77
14 2
0 3 4
1 7 4
2 11 4
3 4 12
4 5 114
5 6 4
6 7 5
7 8 12
8 9 114
9 10 4
10 11 5
11 12 12
12 13 114
13 14 4
14 3 5
O30
4 4
0 2
1 19
2 29
3 18
0 2 6
1 2 5
2 3 4
3 1 5
O182
4 4
0 2
1 29
2 2
3 117
0 1 5
1 2 4
2 0 5
3 0 4
O30
16 16
0 2
1 2
2 2
3 2
4 19
5 29
6 18
7 19
8 29
9 18
10 19
11 29
12 18
13 19
14 29
15 18
0 5 6
1 8 6
2 11 6
3 14 6
4 5 5
5 6 4
6 7 5
7 8 5
8 9 4
9 10 5
10 11 5
11 12 4
12 13 5
13 14 5
14 15 4
15 4 5
O183
18 18
0 14
1 29
2 14
3 29
4 14
5 29
6 15
7 21
8 21
9 24
10 15
11 21
12 21
13 24
14 15
15 21
16 21
17 24
0 1 5
1 6 5
2 3 5
3 10 5
4 5 5
5 14 5
6 7 12
7 8 6
8 9 4
9 10 4
10 11 12
11 12 6
12 13 4
13 14 4
14 15 12
15 16 6
16 17 4
17 6 4
O30
16 16
0 2
1 2
2 2
3 2
4 19
5 29
6 18
7 19
8 29
9 18
10 19
11 29
12 18
13 19
14 29
15 18
0 5 6
1 8 6
2 11 6
3 14 6
4 5 5
5 6 4
6 7 5
7 8 5
8 9 4
9 10 5
10 11 5
11 12 4
12 13 5
13 14 5
14 15 4
15 4 5
O184
12 12
0 118
1 103
2 23
3 16
4 118
5 103
6 23
7 16
8 118
9 103
10 23
11 16
0 1 4
1 2 4
2 3 4
3 4 6
4 5 4
5 6 4
6 7 4
7 8 6
8 9 4
9 10 4
10 11 4
11 0 6
O30
20 20
0 2
1 2
2 2
3 2
4 2
5 19
6 29
7 18
8 19
9 29
10 18
11 19
12 29
13 18
14 19
15 29
16 18
17 19
18 29
19 18
0 6 6
1 9 6
2 12 6
3 15 6
4 18 6
5 6 5
6 7 4
7 8 5
8 9 5
9 10 4
10 11 5
11 12 5
12 13 4
13 14 5
14 15 5
15 16 4
16 17 5
17 18 5
18 19 4
19 5 5
O185
15 15
0 24
1 29
2 14
3 15
4 16
5 24
6 29
7 14
8 15
9 16
10 24
11 29
12 14
13 15
14 16
0 1 6
1 2 4
2 3 5
3 4 4
4 5 5
5 6 6
6 7 4
7 8 5
8 9 4
9 10 5
10 11 6
11 12 4
12 13 5
13 14 4
14 0 5
O30
16 16
0 2
1 2
2 2
3 2
4 19
5 29
6 18
7 19
8 29
9 18
10 19
11 29
12 18
13 19
14 29
15 18
0 5 6
1 8 6
2 11 6
3 14 6
4 5 5
5 6 4
6 7 5
7 8 5
8 9 4
9 10 5
10 11 5
11 12 4
12 13 5
13 14 5
14 15 4
15 4 5
O186
12 12
0 95
1 10
2 77
3 28
4 95
5 10
6 77
7 28
8 95
9 10
10 77
11 28
0 1 12
1 2 4
2 3 4
3 4 4
4 5 12
5 6 4
6 7 4
7 8 4
8 9 12
9 10 4
10 11 4
11 0 4
O30
8 8
0 2
1 2
2 19
3 29
4 18
5 19
6 29
7 18
0 3 6
1 6 6
2 3 5
3 4 4
4 5 5
5 6 5
6 7 4
7 2 5
O187
6 6
0 65
1 18
2 29
3 21
4 21
5 2
0 1 4
1 2 5
2 3 4
3 4 6
4 5 4
5 0 6
O32
5 5
0 7
1 29
2 15
3 39
4 2
0 1 5
1 2 12
2 3 5
3 4 5
4 0 12
O35
6 6
0 0
1 0
2 0
3 0
4 2
5 40
0 1 6
1 2 4
2 3 6
3 4 4
4 0 4
5 0 6
O32
15 15
0 7
1 29
2 15
3 39
4 2
5 7
6 29
7 15
8 39
9 2
10 7
11 29
12 15
13 39
14 2
0 1 5
1 2 12
2 3 5
3 4 5
4 5 12
5 6 5
6 7 12
7 8 5
8 9 5
9 10 12
10 11 5
11 12 12
12 13 5
13 14 5
14 0 12
O36
25 25
0 0
1 23
2 0
3 23
4 0
5 23
6 0
7 23
8 0
9 23
10 21
11 23
12 2
13 21
14 23
15 2
16 21
17 23
18 2
19 21
20 23
21 2
22 21
23 23
24 2
0 1 6
1 10 4
2 3 6
3 13 4
4 5 6
5 16 4
6 7 6
7 19 4
8 9 6
9 22 4
10 11 4
11 12 4
12 13 5
13 14 4
14 15 4
15 16 5
16 17 4
17 18 4
18 19 5
19 20 4
20 21 4
21 22 5
22 23 4
23 24 4
24 10 5
O32
20 20
0 7
1 29
2 15
3 39
4 2
5 7
6 29
7 15
8 39
9 2
10 7
11 29
12 15
13 39
14 2
15 7
16 29
17 15
18 39
19 2
0 1 5
1 2 12
2 3 5
3 4 5
4 5 12
5 6 5
6 7 12
7 8 5
8 9 5
9 10 12
10 11 5
11 12 12
12 13 5
13 14 5
14 15 12
15 16 5
16 17 12
17 18 5
18 19 5
19 0 12
O37
25 25
0 24
1 7
2 15
3 24
4 24
5 7
6 15
7 24
8 24
9 7
10 15
11 24
12 24
13 7
14 15
15 24
16 24
17 7
18 15
19 24
20 35
21 35
22 35
23 35
24 35
0 1 4
1 2 5
2 3 4
3 4 5
4 5 4
5 6 5
6 7 4
7 8 5
8 9 4
9 10 5
10 11 4
11 12 5
12 13 4
13 14 5
14 15 4
15 16 5
16 17 4
17 18 5
18 19 4
19 0 5
20 0 41
21 4 41
22 8 41
23 12 41
24 16 41
O32
20 20
0 7
1 29
2 15
3 39
4 2
5 7
6 29
7 15
8 39
9 2
10 7
11 29
12 15
13 39
14 2
15 7
16 29
17 15
18 39
19 2
0 1 5
1 2 12
2 3 5
3 4 5
4 5 12
5 6 5
6 7 12
7 8 5
8 9 5
9 10 12
10 11 5
11 12 12
12 13 5
13 14 5
14 15 12
15 16 5
16 17 12
17 18 5
18 19 5
19 0 12
O38
25 25
0 18
1 18
2 18
3 18
4 18
5 2
6 24
7 29
8 24
9 2
10 24
11 29
12 24
13 2
14 24
15 29
16 24
17 2
18 24
19 29
20 24
21 2
22 24
23 29
24 24
0 6 5
1 10 5
2 14 5
3 18 5
4 22 5
5 6 4
6 7 5
7 8 4
8 9 12
9 10 4
10 11 5
11 12 4
12 13 12
13 14 4
14 15 5
15 16 4
16 17 12
17 18 4
18 19 5
19 20 4
20 21 12
21 22 4
22 23 5
23 24 4
24 5 12
O32
20 20
0 7
1 29
2 15
3 39
4 2
5 7
6 29
7 15
8 39
9 2
10 7
11 29
12 15
13 39
14 2
15 7
16 29
17 15
18 39
19 2
0 1 5
1 2 12
2 3 5
3 4 5
4 5 12
5 6 5
6 7 12
7 8 5
8 9 5
9 10 12
10 11 5
11 12 12
12 13 5
13 14 5
14 15 12
15 16 5
16 17 12
17 18 5
18 19 5
19 0 12
O39
25 25
0 7
1 7
2 7
3 7
4 7
5 42
6 21
7 0
8 18
9 42
10 21
11 0
12 18
13 42
14 21
15 0
16 18
17 42
18 21
19 0
20 18
21 42
22 21
23 0
24 18
0 6 4
1 10 4
2 14 4
3 18 4
4 22 4
5 6 6
6 7 5
7 8 4
8 9 4
9 10 6
10 11 5
11 12 4
12 13 4
13 14 6
14 15 5
15 16 4
16 17 4
17 18 6
18 19 5
19 20 4
20 21 4
21 22 6
22 23 5
23 24 4
24 5 4
O32
20 20
0 7
1 29
2 15
3 39
4 2
5 7
6 29
7 15
8 39
9 2
10 7
11 29
12 15
13 39
14 2
15 7
16 29
17 15
18 39
19 2
0 1 5
1 2 12
2 3 5
3 4 5
4 5 12
5 6 5
6 7 12
7 8 5
8 9 5
9 10 12
10 11 5
11 12 12
12 13 5
13 14 5
14 15 12
15 16 5
16 17 12
17 18 5
18 19 5
19 0 12
O40
20 20
0 15
1 17
2 7
3 2
4 15
5 17
6 7
7 2
8 15
9 17
10 7
11 2
12 15
13 17
14 7
15 2
16 15
17 17
18 7
19 2
0 1 5
1 2 5
2 3 4
3 4 6
4 5 5
5 6 5
6 7 4
7 8 6
8 9 5
9 10 5
10 11 4
11 12 6
12 13 5
13 14 5
14 15 4
15 16 6
16 17 5
17 18 5
18 19 4
19 0 6
O32
5 5
0 7
1 29
2 15
3 39
4 2
0 1 5
1 2 12
2 3 5
3 4 5
4 0 12
O41
6 6
0 19
1 7
2 23
3 2
4 23
5 2
0 2 5
1 2 4
2 3 5
3 4 4
4 5 4
5 1 4
O32
20 20
0 7
1 29
2 15
3 39
4 2
5 7
6 29
7 15
8 39
9 2
10 7
11 29
12 15
13 39
14 2
15 7
16 29
17 15
18 39
19 2
0 1 5
1 2 12
2 3 5
3 4 5
4 5 12
5 6 5
6 7 12
7 8 5
8 9 5
9 10 12
10 11 5
11 12 12
12 13 5
13 14 5
14 15 12
15 16 5
16 17 12
17 18 5
18 19 5
19 0 12
O42
25 25
0 35
1 2
2 37
3 18
4 35
5 2
6 37
7 18
8 35
9 2
10 37
11 18
12 35
13 2
14 37
15 18
16 35
17 2
18 37
19 18
20 10
21 10
22 10
23 10
24 10
0 1 36
1 2 4
2 3 4
3 4 6
4 5 36
5 6 4
6 7 4
7 8 6
8 9 36
9 10 4
10 11 4
11 12 6
12 13 36
13 14 4
14 15 4
15 16 6
16 17 36
17 18 4
18 19 4
19 0 6
20 1 4
21 5 4
22 9 4
23 13 4
24 17 4
O32
20 20
0 7
1 29
2 15
3 39
4 2
5 7
6 29
7 15
8 39
9 2
10 7
11 29
12 15
13 39
14 2
15 7
16 29
17 15
18 39
19 2
0 1 5
1 2 12
2 3 5
3 4 5
4 5 12
5 6 5
6 7 12
7 8 5
8 9 5
9 10 12
10 11 5
11 12 12
12 13 5
13 14 5
14 15 12
15 16 5
16 17 12
17 18 5
18 19 5
19 0 12
O43
25 25
0 23
1 23
2 23
3 23
4 23
5 43
6 21
7 23
8 24
9 43
10 21
11 23
12 24
13 43
14 21
15 23
16 24
17 43
18 21
19 23
20 24
21 43
22 21
23 23
24 24
0 5 4
1 9 4
2 13 4
3 17 4
4 21 4
5 6 4
6 7 4
7 8 4
8 9 5
9 10 4
10 11 4
11 12 4
12 13 5
13 14 4
14 15 4
15 16 4
16 17 5
17 18 4
18 19 4
19 20 4
20 21 5
21 22 4
22 23 4
23 24 4
24 5 5
O32
20 20
0 7
1 29
2 15
3 39
4 2
5 7
6 29
7 15
8 39
9 2
10 7
11 29
12 15
13 39
14 2
15 7
16 29
17 15
18 39
19 2
0 1 5
1 2 12
2 3 5
3 4 5
4 5 12
5 6 5
6 7 12
7 8 5
8 9 5
9 10 12
10 11 5
11 12 12
12 13 5
13 14 5
14 15 12
15 16 5
16 17 12
17 18 5
18 19 5
19 0 12
O44
25 25
0 10
1 10
2 10
3 10
4 10
5 21
6 21
7 17
8 18
9 21
10 21
11 17
12 18
13 21
14 21
15 17
16 18
17 21
18 21
19 17
20 18
21 21
22 21
23 17
24 18
0 7 5
1 11 5
2 15 5
3 19 5
4 23 5
5 6 6
6 7 6
7 8 4
8 9 12
9 10 6
10 11 6
11 12 4
12 13 12
13 14 6
14 15 6
15 16 4
16 17 12
17 18 6
18 19 6
19 20 4
20 21 12
21 22 6
22 23 6
23 24 4
24 5 12
O32
15 15
0 7
1 29
2 15
3 39
4 2
5 7
6 29
7 15
8 39
9 2
10 7
11 29
12 15
13 39
14 2
0 1 5
1 2 12
2 3 5
3 4 5
4 5 12
5 6 5
6 7 12
7 8 5
8 9 5
9 10 12
10 11 5
11 12 12
12 13 5
13 14 5
14 0 12
O45
15 15
0 19
1 44
2 45
3 19
4 44
5 45
6 19
7 44
8 45
9 19
10 44
11 45
12 19
13 44
14 45
0 1 4
1 2 4
2 3 6
3 4 4
4 5 4
5 6 6
6 7 4
7 8 4
8 9 6
9 10 4
10 11 4
11 12 6
12 13 4
13 14 4
14 0 6
O32
15 15
0 7
1 29
2 15
3 39
4 2
5 7
6 29
7 15
8 39
9 2
10 7
11 29
12 15
13 39
14 2
0 1 5
1 2 12
2 3 5
3 4 5
4 5 12
5 6 5
6 7 12
7 8 5
8 9 5
9 10 12
10 11 5
11 12 12
12 13 5
13 14 5
14 0 12
O45 rel
15 15
0 19
1 44
2 2
3 19
4 44
5 2
6 19
7 44
8 2
9 19
10 44
11 2
12 19
13 44
14 2
0 1 4
1 2 4
2 3 6
3 4 4
4 5 4
5 6 6
6 7 4
7 8 4
8 9 6
9 10 4
10 11 4
11 12 6
12 13 4
13 14 4
14 0 6
O32
20 20
0 7
1 29
2 15
3 39
4 2
5 7
6 29
7 15
8 39
9 2
10 7
11 29
12 15
13 39
14 2
15 7
16 29
17 15
18 39
19 2
0 1 5
1 2 12
2 3 5
3 4 5
4 5 12
5 6 5
6 7 12
7 8 5
8 9 5
9 10 12
10 11 5
11 12 12
12 13 5
13 14 5
14 15 12
15 16 5
16 17 12
17 18 5
18 19 5
19 0 12
O46
20 20
0 46
1 15
2 19
3 24
4 46
5 15
6 19
7 24
8 46
9 15
10 19
11 24
12 46
13 15
14 19
15 24
16 46
17 15
18 19
19 24
0 1 12
1 2 12
2 3 4
3 4 5
4 5 12
5 6 12
6 7 4
7 8 5
8 9 12
9 10 12
10 11 4
11 12 5
12 13 12
13 14 12
14 15 4
15 16 5
16 17 12
17 18 12
18 19 4
19 0 5
O32
20 20
0 7
1 29
2 15
3 39
4 2
5 7
6 29
7 15
8 39
9 2
10 7
11 29
12 15
13 39
14 2
15 7
16 29
17 15
18 39
19 2
0 1 5
1 2 12
2 3 5
3 4 5
4 5 12
5 6 5
6 7 12
7 8 5
8 9 5
9 10 12
10 11 5
11 12 12
12 13 5
13 14 5
14 15 12
15 16 5
16 17 12
17 18 5
18 19 5
19 0 12
O48
25 25
0 24
1 7
2 0
3 2
4 24
5 7
6 0
7 2
8 24
9 7
10 0
11 2
12 24
13 7
14 0
15 2
16 24
17 7
18 0
19 2
20 47
21 47
22 47
23 47
24 47
0 1 4
1 2 5
2 3 4
3 4 5
4 5 4
5 6 5
6 7 4
7 8 5
8 9 4
9 10 5
10 11 4
11 12 5
12 13 4
13 14 5
14 15 4
15 16 5
16 17 4
17 18 5
18 19 4
19 0 5
20 0 4
21 4 4
22 8 4
23 12 4
24 16 4
O32
20 20
0 7
1 29
2 15
3 39
4 2
5 7
6 29
7 15
8 39
9 2
10 7
11 29
12 15
13 39
14 2
15 7
16 29
17 15
18 39
19 2
0 1 5
1 2 12
2 3 5
3 4 5
4 5 12
5 6 5
6 7 12
7 8 5
8 9 5
9 10 12
10 11 5
11 12 12
12 13 5
13 14 5
14 15 12
15 16 5
16 17 12
17 18 5
18 19 5
19 0 12
O49
20 20
0 48
1 24
2 0
3 49
4 48
5 24
6 0
7 49
8 48
9 24
10 0
11 49
12 48
13 24
14 0
15 49
16 48
17 24
18 0
19 49
0 1 5
1 2 5
2 3 4
3 4 6
4 5 5
5 6 5
6 7 4
7 8 6
8 9 5
9 10 5
10 11 4
11 12 6
12 13 5
13 14 5
14 15 4
15 16 6
16 17 5
17 18 5
18 19 4
19 0 6
O32
10 10
0 7
1 29
2 15
3 39
4 2
5 7
6 29
7 15
8 39
9 2
0 1 5
1 2 12
2 3 5
3 4 5
4 5 12
5 6 5
6 7 12
7 8 5
8 9 5
9 0 12
O52
10 10
0 50
1 51
2 50
3 51
4 50
5 51
6 50
7 51
8 50
9 51
0 1 4
1 2 4
2 3 4
3 4 4
4 5 4
5 6 4
6 7 4
7 8 4
8 9 4
9 0 4
O32
20 20
0 7
1 29
2 15
3 39
4 2
5 7
6 29
7 15
8 39
9 2
10 7
11 29
12 15
13 39
14 2
15 7
16 29
17 15
18 39
19 2
0 1 5
1 2 12
2 3 5
3 4 5
4 5 12
5 6 5
6 7 12
7 8 5
8 9 5
9 10 12
10 11 5
11 12 12
12 13 5
13 14 5
14 15 12
15 16 5
16 17 12
17 18 5
18 19 5
19 0 12
O53
25 25
0 10
1 10
2 10
3 10
4 10
5 0
6 29
7 1
8 2
9 0
10 29
11 1
12 2
13 0
14 29
15 1
16 2
17 0
18 29
19 1
20 2
21 0
22 29
23 1
24 2
0 5 6
1 9 6
2 13 6
3 17 6
4 21 6
5 6 5
6 7 4
7 8 5
8 9 4
9 10 5
10 11 4
11 12 5
12 13 4
13 14 5
14 15 4
15 16 5
16 17 4
17 18 5
18 19 4
19 20 5
20 21 4
21 22 5
22 23 4
23 24 5
24 5 4
O32
15 15
0 7
1 29
2 15
3 39
4 2
5 7
6 29
7 15
8 39
9 2
10 7
11 29
12 15
13 39
14 2
0 1 5
1 2 12
2 3 5
3 4 5
4 5 12
5 6 5
6 7 12
7 8 5
8 9 5
9 10 12
10 11 5
11 12 12
12 13 5
13 14 5
14 0 12
O55
25 25
0 2
1 7
2 24
3 2
4 7
5 24
6 2
7 7
8 24
9 2
10 7
11 24
12 2
13 7
14 24
15 52
16 15
17 52
18 15
19 52
20 15
21 52
22 15
23 52
24 15
0 1 4
1 2 4
2 3 12
3 4 4
4 5 4
5 6 12
6 7 4
7 8 4
8 9 12
9 10 4
10 11 4
11 12 12
12 13 4
13 14 4
14 0 12
15 16 6
16 0 4
17 18 6
18 3 4
19 20 6
20 6 4
21 22 6
22 9 4
23 24 6
24 12 4
O32
15 15
0 7
1 29
2 15
3 39
4 2
5 7
6 29
7 15
8 39
9 2
10 7
11 29
12 15
13 39
14 2
0 1 5
1 2 12
2 3 5
3 4 5
4 5 12
5 6 5
6 7 12
7 8 5
8 9 5
9 10 12
10 11 5
11 12 12
12 13 5
13 14 5
14 0 12
O56
20 20
0 31
1 19
2 2
3 31
4 19
5 2
6 31
7 19
8 2
9 31
10 19
11 2
12 31
13 19
14 2
15 7
16 7
17 7
18 7
19 7
0 1 33
1 2 4
2 3 32
3 4 33
4 5 4
5 6 32
6 7 33
7 8 4
8 9 32
9 10 33
10 11 4
11 12 32
12 13 33
13 14 4
14 0 32
15 1 6
16 4 6
17 7 6
18 10 6
19 13 6
O32
15 15
0 7
1 29
2 15
3 39
4 2
5 7
6 29
7 15
8 39
9 2
10 7
11 29
12 15
13 39
14 2
0 1 5
1 2 12
2 3 5
3 4 5
4 5 12
5 6 5
6 7 12
7 8 5
8 9 5
9 10 12
10 11 5
11 12 12
12 13 5
13 14 5
14 0 12
O58
20 20
0 17
1 21
2 2
3 17
4 21
5 2
6 17
7 21
8 2
9 17
10 21
11 2
12 17
13 21
14 2
15 53
16 53
17 53
18 53
19 53
0 1 5
1 2 4
2 3 5
3 4 5
4 5 4
5 6 5
6 7 5
7 8 4
8 9 5
9 10 5
10 11 4
11 12 5
12 13 5
13 14 4
14 0 5
15 0 4
16 3 4
17 6 4
18 9 4
19 12 4
O32
20 20
0 7
1 29
2 15
3 39
4 2
5 7
6 29
7 15
8 39
9 2
10 7
11 29
12 15
13 39
14 2
15 7
16 29
17 15
18 39
19 2
0 1 5
1 2 12
2 3 5
3 4 5
4 5 12
5 6 5
6 7 12
7 8 5
8 9 5
9 10 12
10 11 5
11 12 12
12 13 5
13 14 5
14 15 12
15 16 5
16 17 12
17 18 5
18 19 5
19 0 12
O59
25 25
0 47
1 47
2 47
3 47
4 47
5 21
6 21
7 17
8 18
9 21
10 21
11 17
12 18
13 21
14 21
15 17
16 18
17 21
18 21
19 17
20 18
21 21
22 21
23 17
24 18
0 5 4
1 9 4
2 13 4
3 17 4
4 21 4
5 6 4
6 7 4
7 8 4
8 9 12
9 10 4
10 11 4
11 12 4
12 13 12
13 14 4
14 15 4
15 16 4
16 17 12
17 18 4
18 19 4
19 20 4
20 21 12
21 22 4
22 23 4
23 24 4
24 5 12
O32
15 15
0 7
1 29
2 15
3 39
4 2
5 7
6 29
7 15
8 39
9 2
10 7
11 29
12 15
13 39
14 2
0 1 5
1 2 12
2 3 5
3 4 5
4 5 12
5 6 5
6 7 12
7 8 5
8 9 5
9 10 12
10 11 5
11 12 12
12 13 5
13 14 5
14 0 12
O61
15 15
0 54
1 19
2 16
3 54
4 19
5 16
6 54
7 19
8 16
9 54
10 19
11 16
12 54
13 19
14 16
0 1 55
1 2 4
2 3 5
3 4 55
4 5 4
5 6 5
6 7 55
7 8 4
8 9 5
9 10 55
10 11 4
11 12 5
12 13 55
13 14 4
14 0 5
O32
15 15
0 7
1 29
2 15
3 39
4 2
5 7
6 29
7 15
8 39
9 2
10 7
11 29
12 15
13 39
14 2
0 1 5
1 2 12
2 3 5
3 4 5
4 5 12
5 6 5
6 7 12
7 8 5
8 9 5
9 10 12
10 11 5
11 12 12
12 13 5
13 14 5
14 0 12
O62
25 25
0 10
1 10
2 10
3 10
4 10
5 25
6 25
7 25
8 25
9 25
10 25
11 25
12 25
13 25
14 25
15 25
16 25
17 25
18 25
19 25
20 10
21 10
22 10
23 10
24 10
0 5 6
1 8 6
2 11 6
3 14 6
4 17 6
5 6 56
6 7 4
7 8 56
8 9 56
9 10 4
10 11 56
11 12 56
12 13 4
13 14 56
14 15 56
15 16 4
16 17 56
17 18 56
18 19 4
19 5 56
20 6 6
21 9 6
22 12 6
23 15 6
24 18 6
O32
20 20
0 7
1 29
2 15
3 39
4 2
5 7
6 29
7 15
8 39
9 2
10 7
11 29
12 15
13 39
14 2
15 7
16 29
17 15
18 39
19 2
0 1 5
1 2 12
2 3 5
3 4 5
4 5 12
5 6 5
6 7 12
7 8 5
8 9 5
9 10 12
10 11 5
11 12 12
12 13 5
13 14 5
14 15 12
15 16 5
16 17 12
17 18 5
18 19 5
19 0 12
O64
25 25
0 15
1 15
2 15
3 15
4 15
5 57
6 29
7 15
8 2
9 57
10 29
11 15
12 2
13 57
14 29
15 15
16 2
17 57
18 29
19 15
20 2
21 57
22 29
23 15
24 2
0 7 12
1 11 12
2 15 12
3 19 12
4 23 12
5 6 4
6 7 4
7 8 4
8 9 4
9 10 4
10 11 4
11 12 4
12 13 4
13 14 4
14 15 4
15 16 4
16 17 4
17 18 4
18 19 4
19 20 4
20 21 4
21 22 4
22 23 4
23 24 4
24 5 4
O32
5 5
0 7
1 29
2 15
3 39
4 2
0 1 5
1 2 12
2 3 5
3 4 5
4 0 12
O65
5 5
0 13
1 58
2 16
3 59
4 18
0 1 5
1 2 5
2 3 5
3 4 4
4 0 6
O32
5 5
0 7
1 29
2 15
3 39
4 2
0 1 5
1 2 12
2 3 5
3 4 5
4 0 12
O66
5 5
0 60
1 61
2 18
3 17
4 18
0 1 4
1 2 4
2 3 6
3 4 4
4 0 6
O32
5 5
0 7
1 29
2 15
3 39
4 2
0 1 5
1 2 12
2 3 5
3 4 5
4 0 12
O68
7 7
0 0
1 21
2 21
3 21
4 17
5 18
6 10
0 1 4
1 2 6
2 3 6
3 4 6
4 5 4
5 1 12
6 2 4
O32
5 5
0 7
1 29
2 15
3 39
4 2
0 1 5
1 2 12
2 3 5
3 4 5
4 0 12
O69
5 5
0 62
1 0
2 0
3 7
4 18
0 1 6
1 2 6
2 3 6
3 4 4
4 0 4
O32
20 20
0 7
1 29
2 15
3 39
4 2
5 7
6 29
7 15
8 39
9 2
10 7
11 29
12 15
13 39
14 2
15 7
16 29
17 15
18 39
19 2
0 1 5
1 2 12
2 3 5
3 4 5
4 5 12
5 6 5
6 7 12
7 8 5
8 9 5
9 10 12
10 11 5
11 12 12
12 13 5
13 14 5
14 15 12
15 16 5
16 17 12
17 18 5
18 19 5
19 0 12
O70
25 25
0 13
1 63
2 15
3 16
4 13
5 63
6 15
7 16
8 13
9 63
10 15
11 16
12 13
13 63
14 15
15 16
16 13
17 63
18 15
19 16
20 10
21 10
22 10
23 10
24 10
0 1 4
1 2 4
2 3 4
3 4 5
4 5 4
5 6 4
6 7 4
7 8 5
8 9 4
9 10 4
10 11 4
11 12 5
12 13 4
13 14 4
14 15 4
15 16 5
16 17 4
17 18 4
18 19 4
19 0 5
20 3 5
21 7 5
22 11 5
23 15 5
24 19 5
O32
20 20
0 7
1 29
2 15
3 39
4 2
5 7
6 29
7 15
8 39
9 2
10 7
11 29
12 15
13 39
14 2
15 7
16 29
17 15
18 39
19 2
0 1 5
1 2 12
2 3 5
3 4 5
4 5 12
5 6 5
6 7 12
7 8 5
8 9 5
9 10 12
10 11 5
11 12 12
12 13 5
13 14 5
14 15 12
15 16 5
16 17 12
17 18 5
18 19 5
19 0 12
O71
20 20
0 64
1 0
2 15
3 16
4 64
5 0
6 15
7 16
8 64
9 0
10 15
11 16
12 64
13 0
14 15
15 16
16 64
17 0
18 15
19 16
0 1 4
1 2 5
2 3 4
3 4 5
4 5 4
5 6 5
6 7 4
7 8 5
8 9 4
9 10 5
10 11 4
11 12 5
12 13 4
13 14 5
14 15 4
15 16 5
16 17 4
17 18 5
18 19 4
19 0 5
O32
20 20
0 7
1 29
2 15
3 39
4 2
5 7
6 29
7 15
8 39
9 2
10 7
11 29
12 15
13 39
14 2
15 7
16 29
17 15
18 39
19 2
0 1 5
1 2 12
2 3 5
3 4 5
4 5 12
5 6 5
6 7 12
7 8 5
8 9 5
9 10 12
10 11 5
11 12 12
12 13 5
13 14 5
14 15 12
15 16 5
16 17 12
17 18 5
18 19 5
19 0 12
O73
30 30
0 10
1 10
2 10
3 10
4 10
5 21
6 21
7 17
8 18
9 21
10 21
11 17
12 18
13 21
14 21
15 17
16 18
17 21
18 21
19 17
20 18
21 21
22 21
23 17
24 18
25 10
26 10
27 10
28 10
29 10
0 6 5
1 10 5
2 14 5
3 18 5
4 22 5
5 6 6
6 7 6
7 8 4
8 9 12
9 10 6
10 11 6
11 12 4
12 13 12
13 14 6
14 15 6
15 16 4
16 17 12
17 18 6
18 19 6
19 20 4
20 21 12
21 22 6
22 23 6
23 24 4
24 5 12
25 7 4
26 11 4
27 15 4
28 19 4
29 23 4
O32
20 20
0 7
1 29
2 15
3 39
4 2
5 7
6 29
7 15
8 39
9 2
10 7
11 29
12 15
13 39
14 2
15 7
16 29
17 15
18 39
19 2
0 1 5
1 2 12
2 3 5
3 4 5
4 5 12
5 6 5
6 7 12
7 8 5
8 9 5
9 10 12
10 11 5
11 12 12
12 13 5
13 14 5
14 15 12
15 16 5
16 17 12
17 18 5
18 19 5
19 0 12
O73 ab
25 25
0 10
1 10
2 10
3 10
4 10
5 21
6 21
7 17
8 16
9 21
10 21
11 17
12 16
13 21
14 21
15 17
16 16
17 21
18 21
19 17
20 16
21 21
22 21
23 17
24 16
0 7 4
1 11 4
2 15 4
3 19 4
4 23 4
5 6 6
6 7 6
7 8 4
8 9 5
9 10 6
10 11 6
11 12 4
12 13 5
13 14 6
14 15 6
15 16 4
16 17 5
17 18 6
18 19 6
19 20 4
20 21 5
21 22 6
22 23 6
23 24 4
24 5 5
O32
15 15
0 7
1 29
2 15
3 39
4 2
5 7
6 29
7 15
8 39
9 2
10 7
11 29
12 15
13 39
14 2
0 1 5
1 2 12
2 3 5
3 4 5
4 5 12
5 6 5
6 7 12
7 8 5
8 9 5
9 10 12
10 11 5
11 12 12
12 13 5
13 14 5
14 0 12
O74
20 20
0 18
1 59
2 2
3 18
4 59
5 2
6 18
7 59
8 2
9 18
10 59
11 2
12 18
13 59
14 2
15 65
16 65
17 65
18 65
19 65
0 1 5
1 2 4
2 3 12
3 4 5
4 5 4
5 6 12
6 7 5
7 8 4
8 9 12
9 10 5
10 11 4
11 12 12
12 13 5
13 14 4
14 0 12
15 0 4
16 3 4
17 6 4
18 9 4
19 12 4
O32
15 15
0 7
1 29
2 15
3 39
4 2
5 7
6 29
7 15
8 39
9 2
10 7
11 29
12 15
13 39
14 2
0 1 5
1 2 12
2 3 5
3 4 5
4 5 12
5 6 5
6 7 12
7 8 5
8 9 5
9 10 12
10 11 5
11 12 12
12 13 5
13 14 5
14 0 12
O75
20 20
0 17
1 17
2 17
3 17
4 17
5 7
6 0
7 2
8 7
9 0
10 2
11 7
12 0
13 2
14 7
15 0
16 2
17 7
18 0
19 2
0 5 5
1 8 5
2 11 5
3 14 5
4 17 5
5 6 5
6 7 4
7 8 4
8 9 5
9 10 4
10 11 4
11 12 5
12 13 4
13 14 4
14 15 5
15 16 4
16 17 4
17 18 5
18 19 4
19 5 4
O32
20 20
0 7
1 29
2 15
3 39
4 2
5 7
6 29
7 15
8 39
9 2
10 7
11 29
12 15
13 39
14 2
15 7
16 29
17 15
18 39
19 2
0 1 5
1 2 12
2 3 5
3 4 5
4 5 12
5 6 5
6 7 12
7 8 5
8 9 5
9 10 12
10 11 5
11 12 12
12 13 5
13 14 5
14 15 12
15 16 5
16 17 12
17 18 5
18 19 5
19 0 12
O76
20 20
0 29
1 30
2 16
3 24
4 29
5 30
6 16
7 24
8 29
9 30
10 16
11 24
12 29
13 30
14 16
15 24
16 29
17 30
18 16
19 24
0 1 5
1 2 5
2 3 4
3 4 5
4 5 5
5 6 5
6 7 4
7 8 5
8 9 5
9 10 5
10 11 4
11 12 5
12 13 5
13 14 5
14 15 4
15 16 5
16 17 5
17 18 5
18 19 4
19 0 5
O32
20 20
0 7
1 29
2 15
3 39
4 2
5 7
6 29
7 15
8 39
9 2
10 7
11 29
12 15
13 39
14 2
15 7
16 29
17 15
18 39
19 2
0 1 5
1 2 12
2 3 5
3 4 5
4 5 12
5 6 5
6 7 12
7 8 5
8 9 5
9 10 12
10 11 5
11 12 12
12 13 5
13 14 5
14 15 12
15 16 5
16 17 12
17 18 5
18 19 5
19 0 12
O77
20 20
0 21
1 21
2 17
3 18
4 21
5 21
6 17
7 18
8 21
9 21
10 17
11 18
12 21
13 21
14 17
15 18
16 21
17 21
18 17
19 18
0 1 6
1 2 6
2 3 4
3 4 12
4 5 6
5 6 6
6 7 4
7 8 12
8 9 6
9 10 6
10 11 4
11 12 12
12 13 6
13 14 6
14 15 4
15 16 12
16 17 6
17 18 6
18 19 4
19 0 12
O32
20 20
0 7
1 29
2 15
3 39
4 2
5 7
6 29
7 15
8 39
9 2
10 7
11 29
12 15
13 39
14 2
15 7
16 29
17 15
18 39
19 2
0 1 5
1 2 12
2 3 5
3 4 5
4 5 12
5 6 5
6 7 12
7 8 5
8 9 5
9 10 12
10 11 5
11 12 12
12 13 5
13 14 5
14 15 12
15 16 5
16 17 12
17 18 5
18 19 5
19 0 12
O78
20 20
0 2
1 17
2 21
3 2
4 2
5 17
6 21
7 2
8 2
9 17
10 21
11 2
12 2
13 17
14 21
15 2
16 2
17 17
18 21
19 2
0 1 5
1 2 5
2 3 4
3 4 5
4 5 5
5 6 5
6 7 4
7 8 5
8 9 5
9 10 5
10 11 4
11 12 5
12 13 5
13 14 5
14 15 4
15 16 5
16 17 5
17 18 5
18 19 4
19 0 5
O32
5 5
0 7
1 29
2 15
3 39
4 2
0 1 5
1 2 12
2 3 5
3 4 5
4 0 12
O79
6 6
0 0
1 15
2 66
3 17
4 29
5 18
0 2 4
1 2 5
2 3 4
3 4 5
4 5 4
5 1 6
O32
20 20
0 7
1 29
2 15
3 39
4 2
5 7
6 29
7 15
8 39
9 2
10 7
11 29
12 15
13 39
14 2
15 7
16 29
17 15
18 39
19 2
0 1 5
1 2 12
2 3 5
3 4 5
4 5 12
5 6 5
6 7 12
7 8 5
8 9 5
9 10 12
10 11 5
11 12 12
12 13 5
13 14 5
14 15 12
15 16 5
16 17 12
17 18 5
18 19 5
19 0 12
O82
25 25
0 67
1 67
2 67
3 67
4 67
5 10
6 15
7 19
8 2
9 10
10 15
11 19
12 2
13 10
14 15
15 19
16 2
17 10
18 15
19 19
20 2
21 10
22 15
23 19
24 2
0 5 68
1 9 68
2 13 68
3 17 68
4 21 68
5 6 5
6 7 5
7 8 4
8 9 5
9 10 5
10 11 5
11 12 4
12 13 5
13 14 5
14 15 5
15 16 4
16 17 5
17 18 5
18 19 5
19 20 4
20 21 5
21 22 5
22 23 5
23 24 4
24 5 5
O32
5 5
0 7
1 29
2 15
3 39
4 2
0 1 5
1 2 12
2 3 5
3 4 5
4 0 12
O83
5 5
0 10
1 29
2 15
3 15
4 2
0 1 5
1 2 12
2 3 5
3 4 5
4 0 12
O32
20 20
0 7
1 29
2 15
3 39
4 2
5 7
6 29
7 15
8 39
9 2
10 7
11 29
12 15
13 39
14 2
15 7
16 29
17 15
18 39
19 2
0 1 5
1 2 12
2 3 5
3 4 5
4 5 12
5 6 5
6 7 12
7 8 5
8 9 5
9 10 12
10 11 5
11 12 12
12 13 5
13 14 5
14 15 12
15 16 5
16 17 12
17 18 5
18 19 5
19 0 12
O85
25 25
0 69
1 69
2 69
3 69
4 69
5 7
6 3
7 25
8 2
9 7
10 3
11 25
12 2
13 7
14 3
15 25
16 2
17 7
18 3
19 25
20 2
21 7
22 3
23 25
24 2
0 5 5
1 9 5
2 13 5
3 17 5
4 21 5
5 6 4
6 7 12
7 8 4
8 9 6
9 10 4
10 11 12
11 12 4
12 13 6
13 14 4
14 15 12
15 16 4
16 17 6
17 18 4
18 19 12
19 20 4
20 21 6
21 22 4
22 23 12
23 24 4
24 5 6
O32
20 20
0 7
1 29
2 15
3 39
4 2
5 7
6 29
7 15
8 39
9 2
10 7
11 29
12 15
13 39
14 2
15 7
16 29
17 15
18 39
19 2
0 1 5
1 2 12
2 3 5
3 4 5
4 5 12
5 6 5
6 7 12
7 8 5
8 9 5
9 10 12
10 11 5
11 12 12
12 13 5
13 14 5
14 15 12
15 16 5
16 17 12
17 18 5
18 19 5
19 0 12
O86
25 25
0 7
1 7
2 7
3 7
4 7
5 23
6 15
7 16
8 24
9 23
10 15
11 16
12 24
13 23
14 15
15 16
16 24
17 23
18 15
19 16
20 24
21 23
22 15
23 16
24 24
0 6 4
1 10 4
2 14 4
3 18 4
4 22 4
5 6 6
6 7 4
7 8 4
8 9 5
9 10 6
10 11 4
11 12 4
12 13 5
13 14 6
14 15 4
15 16 4
16 17 5
17 18 6
18 19 4
19 20 4
20 21 5
21 22 6
22 23 4
23 24 4
24 5 5
O32
20 20
0 7
1 29
2 15
3 39
4 2
5 7
6 29
7 15
8 39
9 2
10 7
11 29
12 15
13 39
14 2
15 7
16 29
17 15
18 39
19 2
0 1 5
1 2 12
2 3 5
3 4 5
4 5 12
5 6 5
6 7 12
7 8 5
8 9 5
9 10 12
10 11 5
11 12 12
12 13 5
13 14 5
14 15 12
15 16 5
16 17 12
17 18 5
18 19 5
19 0 12
O86.2
25 25
0 7
1 15
2 16
3 16
4 7
5 15
6 16
7 16
8 7
9 15
10 16
11 16
12 7
13 15
14 16
15 16
16 7
17 15
18 16
19 16
20 23
21 23
22 23
23 23
24 23
0 1 4
1 2 4
2 3 4
3 4 6
4 5 4
5 6 4
6 7 4
7 8 6
8 9 4
9 10 4
10 11 4
11 12 6
12 13 4
13 14 4
14 15 4
15 16 6
16 17 4
17 18 4
18 19 4
19 0 6
20 1 6
21 5 6
22 9 6
23 13 6
24 17 6
O32
20 20
0 7
1 29
2 15
3 39
4 2
5 7
6 29
7 15
8 39
9 2
10 7
11 29
12 15
13 39
14 2
15 7
16 29
17 15
18 39
19 2
0 1 5
1 2 12
2 3 5
3 4 5
4 5 12
5 6 5
6 7 12
7 8 5
8 9 5
9 10 12
10 11 5
11 12 12
12 13 5
13 14 5
14 15 12
15 16 5
16 17 12
17 18 5
18 19 5
19 0 12
O86.3
25 25
0 7
1 7
2 7
3 7
4 7
5 23
6 15
7 16
8 24
9 23
10 15
11 16
12 24
13 23
14 15
15 16
16 24
17 23
18 15
19 16
20 24
21 23
22 15
23 16
24 24
0 6 4
1 10 4
2 14 4
3 18 4
4 22 4
5 6 6
6 7 4
7 8 4
8 9 5
9 10 6
10 11 4
11 12 4
12 13 5
13 14 6
14 15 4
15 16 4
16 17 5
17 18 6
18 19 4
19 20 4
20 21 5
21 22 6
22 23 4
23 24 4
24 5 5
O32
20 20
0 7
1 29
2 15
3 39
4 2
5 7
6 29
7 15
8 39
9 2
10 7
11 29
12 15
13 39
14 2
15 7
16 29
17 15
18 39
19 2
0 1 5
1 2 12
2 3 5
3 4 5
4 5 12
5 6 5
6 7 12
7 8 5
8 9 5
9 10 12
10 11 5
11 12 12
12 13 5
13 14 5
14 15 12
15 16 5
16 17 12
17 18 5
18 19 5
19 0 12
O87
20 20
0 25
1 7
2 70
3 24
4 25
5 7
6 70
7 24
8 25
9 7
10 70
11 24
12 25
13 7
14 70
15 24
16 25
17 7
18 70
19 24
0 1 5
1 2 4
2 3 4
3 4 4
4 5 5
5 6 4
6 7 4
7 8 4
8 9 5
9 10 4
10 11 4
11 12 4
12 13 5
13 14 4
14 15 4
15 16 4
16 17 5
17 18 4
18 19 4
19 0 4
