200
O19 ab
20 20
0 0
1 0
2 0
3 10
4 28
5 0
6 0
7 0
8 10
9 28
10 0
11 0
12 0
13 10
14 28
15 0
16 0
17 0
18 10
19 28
0 1 6
1 2 6
2 3 6
3 4 4
4 5 6
5 6 6
6 7 6
7 8 6
8 9 4
9 10 6
10 11 6
11 12 6
12 13 6
13 14 4
14 15 6
15 16 6
16 17 6
17 18 6
18 19 4
19 0 6
O157
20 20
0 109
1 23
2 19
3 16
4 109
5 23
6 19
7 16
8 109
9 23
10 19
11 16
12 109
13 23
14 19
15 16
16 109
17 23
18 19
19 16
0 1 4
1 2 5
2 3 4
3 4 6
4 5 4
5 6 5
6 7 4
7 8 6
8 9 4
9 10 5
10 11 4
11 12 6
12 13 4
13 14 5
14 15 4
15 16 6
16 17 4
17 18 5
18 19 4
19 0 6
O19 ab
15 15
0 0
1 0
2 0
3 10
4 28
5 0
6 0
7 0
8 10
9 28
10 0
11 0
12 0
13 10
14 28
0 1 6
1 2 6
2 3 6
3 4 4
4 5 6
5 6 6
6 7 6
7 8 6
8 9 4
9 10 6
10 11 6
11 12 6
12 13 6
13 14 4
14 0 6
O158 ab
25 25
0 10
1 10
2 10
3 10
4 10
5 10
6 16
7 24
8 10
9 16
10 24
11 10
12 16
13 24
14 10
15 16
16 24
17 10
18 16
19 24
20 0
21 0
22 0
23 0
24 0
0 5 12
1 8 12
2 11 12
3 14 12
4 17 12
5 6 4
6 7 4
7 8 5
8 9 4
9 10 4
10 11 5
11 12 4
12 13 4
13 14 5
14 15 4
15 16 4
16 17 5
17 18 4
18 19 4
19 5 5
20 5 4
21 8 4
22 11 4
23 14 4
24 17 4
O19 ab
15 15
0 0
1 0
2 0
3 10
4 28
5 0
6 0
7 0
8 10
9 28
10 0
11 0
12 0
13 10
14 28
0 1 6
1 2 6
2 3 6
3 4 4
4 5 6
5 6 6
6 7 6
7 8 6
8 9 4
9 10 6
10 11 6
11 12 6
12 13 6
13 14 4
14 0 6
O158 ac
25 25
0 0
1 0
2 0
3 0
4 0
5 3
6 47
7 2
8 3
9 47
10 2
11 3
12 47
13 2
14 3
15 47
16 2
17 3
18 47
19 2
20 19
21 19
22 19
23 19
24 19
0 5 4
1 8 4
2 11 4
3 14 4
4 17 4
5 6 5
6 7 4
7 8 5
8 9 5
9 10 4
10 11 5
11 12 5
12 13 4
13 14 5
14 15 5
15 16 4
16 17 5
17 18 5
18 19 4
19 5 5
20 5 12
21 8 12
22 11 12
23 14 12
24 17 12
O19 ab
20 20
0 0
1 0
2 0
3 10
4 28
5 0
6 0
7 0
8 10
9 28
10 0
11 0
12 0
13 10
14 28
15 0
16 0
17 0
18 10
19 28
0 1 6
1 2 6
2 3 6
3 4 4
4 5 6
5 6 6
6 7 6
7 8 6
8 9 4
9 10 6
10 11 6
11 12 6
12 13 6
13 14 4
14 15 6
15 16 6
16 17 6
17 18 6
18 19 4
19 0 6
O159
25 25
0 23
1 23
2 23
3 23
4 23
5 2
6 47
7 23
8 2
9 2
10 47
11 23
12 2
13 2
14 47
15 23
16 2
17 2
18 47
19 23
20 2
21 2
22 47
23 23
24 2
0 5 5
1 9 5
2 13 5
3 17 5
4 21 5
5 6 5
6 7 4
7 8 4
8 9 4
9 10 5
10 11 4
11 12 4
12 13 4
13 14 5
14 15 4
15 16 4
16 17 4
17 18 5
18 19 4
19 20 4
20 21 4
21 22 5
22 23 4
23 24 4
24 5 4
O19 ab
20 20
0 0
1 0
2 0
3 10
4 28
5 0
6 0
7 0
8 10
9 28
10 0
11 0
12 0
13 10
14 28
15 0
16 0
17 0
18 10
19 28
0 1 6
1 2 6
2 3 6
3 4 4
4 5 6
5 6 6
6 7 6
7 8 6
8 9 4
9 10 6
10 11 6
11 12 6
12 13 6
13 14 4
14 15 6
15 16 6
16 17 6
17 18 6
18 19 4
19 0 6
O160
25 25
0 19
1 19
2 19
3 19
4 19
5 2
6 7
7 15
8 24
9 2
10 7
11 15
12 24
13 2
14 7
15 15
16 24
17 2
18 7
19 15
20 24
21 2
22 7
23 15
24 24
0 5 12
1 9 12
2 13 12
3 17 12
4 21 12
5 6 4
6 7 107
7 8 4
8 9 5
9 10 4
10 11 107
11 12 4
12 13 5
13 14 4
14 15 107
15 16 4
16 17 5
17 18 4
18 19 107
19 20 4
20 21 5
21 22 4
22 23 107
23 24 4
24 5 5
O19 ab
15 15
0 0
1 0
2 0
3 10
4 28
5 0
6 0
7 0
8 10
9 28
10 0
11 0
12 0
13 10
14 28
0 1 6
1 2 6
2 3 6
3 4 4
4 5 6
5 6 6
6 7 6
7 8 6
8 9 4
9 10 6
10 11 6
11 12 6
12 13 6
13 14 4
14 0 6
O161
15 15
0 110
1 29
2 2
3 110
4 29
5 2
6 110
7 29
8 2
9 110
10 29
11 2
12 110
13 29
14 2
0 1 55
1 2 4
2 3 101
3 4 55
4 5 4
5 6 101
6 7 55
7 8 4
8 9 101
9 10 55
10 11 4
11 12 101
12 13 55
13 14 4
14 0 101
O19 ab
20 20
0 0
1 0
2 0
3 10
4 28
5 0
6 0
7 0
8 10
9 28
10 0
11 0
12 0
13 10
14 28
15 0
16 0
17 0
18 10
19 28
0 1 6
1 2 6
2 3 6
3 4 4
4 5 6
5 6 6
6 7 6
7 8 6
8 9 4
9 10 6
10 11 6
11 12 6
12 13 6
13 14 4
14 15 6
15 16 6
16 17 6
17 18 6
18 19 4
19 0 6
O163
20 20
0 17
1 29
2 77
3 18
4 17
5 29
6 77
7 18
8 17
9 29
10 77
11 18
12 17
13 29
14 77
15 18
16 17
17 29
18 77
19 18
0 1 5
1 2 4
2 3 4
3 4 6
4 5 5
5 6 4
6 7 4
7 8 6
8 9 5
9 10 4
10 11 4
11 12 6
12 13 5
13 14 4
14 15 4
15 16 6
16 17 5
17 18 4
18 19 4
19 0 6
O19 ab
15 15
0 0
1 0
2 0
3 10
4 28
5 0
6 0
7 0
8 10
9 28
10 0
11 0
12 0
13 10
14 28
0 1 6
1 2 6
2 3 6
3 4 4
4 5 6
5 6 6
6 7 6
7 8 6
8 9 4
9 10 6
10 11 6
11 12 6
12 13 6
13 14 4
14 0 6
O164
25 25
0 19
1 10
2 19
3 10
4 19
5 10
6 19
7 10
8 19
9 10
10 15
11 25
12 24
13 15
14 25
15 24
16 15
17 25
18 24
19 15
20 25
21 24
22 15
23 25
24 24
0 1 12
1 10 5
2 3 12
3 13 5
4 5 12
5 16 5
6 7 12
7 19 5
8 9 12
9 22 5
10 11 12
11 12 4
12 13 4
13 14 12
14 15 4
15 16 4
16 17 12
17 18 4
18 19 4
19 20 12
20 21 4
21 22 4
22 23 12
23 24 4
24 10 4
O19 ab
20 20
0 0
1 0
2 0
3 10
4 28
5 0
6 0
7 0
8 10
9 28
10 0
11 0
12 0
13 10
14 28
15 0
16 0
17 0
18 10
19 28
0 1 6
1 2 6
2 3 6
3 4 4
4 5 6
5 6 6
6 7 6
7 8 6
8 9 4
9 10 6
10 11 6
11 12 6
12 13 6
13 14 4
14 15 6
15 16 6
16 17 6
17 18 6
18 19 4
19 0 6
O165
20 20
0 111
1 15
2 19
3 18
4 111
5 15
6 19
7 18
8 111
9 15
10 19
11 18
12 111
13 15
14 19
15 18
16 111
17 15
18 19
19 18
0 1 83
1 2 5
2 3 4
3 4 101
4 5 83
5 6 5
6 7 4
7 8 101
8 9 83
9 10 5
10 11 4
11 12 101
12 13 83
13 14 5
14 15 4
15 16 101
16 17 83
17 18 5
18 19 4
19 0 101
O19 ab
20 20
0 0
1 0
2 0
3 10
4 28
5 0
6 0
7 0
8 10
9 28
10 0
11 0
12 0
13 10
14 28
15 0
16 0
17 0
18 10
19 28
0 1 6
1 2 6
2 3 6
3 4 4
4 5 6
5 6 6
6 7 6
7 8 6
8 9 4
9 10 6
10 11 6
11 12 6
12 13 6
13 14 4
14 15 6
15 16 6
16 17 6
17 18 6
18 19 4
19 0 6
O166
25 25
0 7
1 7
2 16
3 24
4 7
5 7
6 16
7 24
8 7
9 7
10 16
11 24
12 7
13 7
14 16
15 24
16 7
17 7
18 16
19 24
20 19
21 19
22 19
23 19
24 19
0 1 12
1 2 5
2 3 4
3 4 4
4 5 12
5 6 5
6 7 4
7 8 4
8 9 12
9 10 5
10 11 4
11 12 4
12 13 12
13 14 5
14 15 4
15 16 4
16 17 12
17 18 5
18 19 4
19 0 4
20 2 4
21 6 4
22 10 4
23 14 4
24 18 4
O19 ab
5 5
0 0
1 0
2 0
3 10
4 28
0 1 6
1 2 6
2 3 6
3 4 4
4 0 6
O167
6 6
0 69
1 112
2 18
3 25
4 25
5 2
0 1 5
1 2 4
2 3 6
3 4 56
4 5 4
5 1 6
O19 ab
20 20
0 0
1 0
2 0
3 10
4 28
5 0
6 0
7 0
8 10
9 28
10 0
11 0
12 0
13 10
14 28
15 0
16 0
17 0
18 10
19 28
0 1 6
1 2 6
2 3 6
3 4 4
4 5 6
5 6 6
6 7 6
7 8 6
8 9 4
9 10 6
10 11 6
11 12 6
12 13 6
13 14 4
14 15 6
15 16 6
16 17 6
17 18 6
18 19 4
19 0 6
O168
25 25
0 23
1 23
2 23
3 23
4 23
5 18
6 74
7 23
8 2
9 18
10 74
11 23
12 2
13 18
14 74
15 23
16 2
17 18
18 74
19 23
20 2
21 18
22 74
23 23
24 2
0 5 4
1 9 4
2 13 4
3 17 4
4 21 4
5 6 5
6 7 4
7 8 4
8 9 5
9 10 5
10 11 4
11 12 4
12 13 5
13 14 5
14 15 4
15 16 4
16 17 5
17 18 5
18 19 4
19 20 4
20 21 5
21 22 5
22 23 4
23 24 4
24 5 5
O19 ab
20 20
0 0
1 0
2 0
3 10
4 28
5 0
6 0
7 0
8 10
9 28
10 0
11 0
12 0
13 10
14 28
15 0
16 0
17 0
18 10
19 28
0 1 6
1 2 6
2 3 6
3 4 4
4 5 6
5 6 6
6 7 6
7 8 6
8 9 4
9 10 6
10 11 6
11 12 6
12 13 6
13 14 4
14 15 6
15 16 6
16 17 6
17 18 6
18 19 4
19 0 6
O169
30 30
0 19
1 19
2 19
3 19
4 19
5 7
6 21
7 21
8 24
9 7
10 21
11 21
12 24
13 7
14 21
15 21
16 24
17 7
18 21
19 21
20 24
21 7
22 21
23 21
24 24
25 29
26 29
27 29
28 29
29 29
0 5 12
1 9 12
2 13 12
3 17 12
4 21 12
5 6 12
6 7 6
7 8 4
8 9 4
9 10 12
10 11 6
11 12 4
12 13 4
13 14 12
14 15 6
15 16 4
16 17 4
17 18 12
18 19 6
19 20 4
20 21 4
21 22 12
22 23 6
23 24 4
24 5 4
25 5 5
26 9 5
27 13 5
28 17 5
29 21 5
O19 ab
20 20
0 0
1 0
2 0
3 10
4 28
5 0
6 0
7 0
8 10
9 28
10 0
11 0
12 0
13 10
14 28
15 0
16 0
17 0
18 10
19 28
0 1 6
1 2 6
2 3 6
3 4 4
4 5 6
5 6 6
6 7 6
7 8 6
8 9 4
9 10 6
10 11 6
11 12 6
12 13 6
13 14 4
14 15 6
15 16 6
16 17 6
17 18 6
18 19 4
19 0 6
O170
25 25
0 2
1 29
2 25
3 2
4 2
5 29
6 25
7 2
8 2
9 29
10 25
11 2
12 2
13 29
14 25
15 2
16 2
17 29
18 25
19 2
20 25
21 25
22 25
23 25
24 25
0 1 5
1 2 4
2 3 4
3 4 5
4 5 5
5 6 4
6 7 4
7 8 5
8 9 5
9 10 4
10 11 4
11 12 5
12 13 5
13 14 4
14 15 4
15 16 5
16 17 5
17 18 4
18 19 4
19 0 5
20 0 4
21 4 4
22 8 4
23 12 4
24 16 4
O19 ab
5 5
0 0
1 0
2 0
3 10
4 28
0 1 6
1 2 6
2 3 6
3 4 4
4 0 6
O171
5 5
0 81
1 15
2 19
3 15
4 24
0 1 83
1 2 12
2 3 4
3 4 4
4 0 5
O19 ab
5 5
0 0
1 0
2 0
3 10
4 28
0 1 6
1 2 6
2 3 6
3 4 4
4 0 6
O172
5 5
0 11
1 113
2 10
3 11
4 18
0 1 5
1 2 114
2 3 4
3 4 4
4 0 4
O19 ab
20 20
0 0
1 0
2 0
3 10
4 28
5 0
6 0
7 0
8 10
9 28
10 0
11 0
12 0
13 10
14 28
15 0
16 0
17 0
18 10
19 28
0 1 6
1 2 6
2 3 6
3 4 4
4 5 6
5 6 6
6 7 6
7 8 6
8 9 4
9 10 6
10 11 6
11 12 6
12 13 6
13 14 4
14 15 6
15 16 6
16 17 6
17 18 6
18 19 4
19 0 6
O173
25 25
0 23
1 23
2 23
3 23
4 23
5 10
6 10
7 19
8 2
9 10
10 10
11 19
12 2
13 10
14 10
15 19
16 2
17 10
18 10
19 19
20 2
21 10
22 10
23 19
24 2
0 5 5
1 9 5
2 13 5
3 17 5
4 21 5
5 6 107
6 7 6
7 8 4
8 9 4
9 10 107
10 11 6
11 12 4
12 13 4
13 14 107
14 15 6
15 16 4
16 17 4
17 18 107
18 19 6
19 20 4
20 21 4
21 22 107
22 23 6
23 24 4
24 5 4
O19 ab
15 15
0 0
1 0
2 0
3 10
4 28
5 0
6 0
7 0
8 10
9 28
10 0
11 0
12 0
13 10
14 28
0 1 6
1 2 6
2 3 6
3 4 4
4 5 6
5 6 6
6 7 6
7 8 6
8 9 4
9 10 6
10 11 6
11 12 6
12 13 6
13 14 4
14 0 6
O174 ab
20 20
0 2
1 2
2 2
3 2
4 2
5 29
6 15
7 24
8 29
9 15
10 24
11 29
12 15
13 24
14 29
15 15
16 24
17 29
18 15
19 24
0 5 6
1 8 6
2 11 6
3 14 6
4 17 6
5 6 4
6 7 4
7 8 5
8 9 4
9 10 4
10 11 5
11 12 4
12 13 4
13 14 5
14 15 4
15 16 4
16 17 5
17 18 4
18 19 4
19 5 5
O19 ab
15 15
0 0
1 0
2 0
3 10
4 28
5 0
6 0
7 0
8 10
9 28
10 0
11 0
12 0
13 10
14 28
0 1 6
1 2 6
2 3 6
3 4 4
4 5 6
5 6 6
6 7 6
7 8 6
8 9 4
9 10 6
10 11 6
11 12 6
12 13 6
13 14 4
14 0 6
O174 ac
20 20
0 2
1 2
2 2
3 2
4 2
5 29
6 15
7 2
8 29
9 15
10 2
11 29
12 15
13 2
14 29
15 15
16 2
17 29
18 15
19 2
0 5 6
1 8 6
2 11 6
3 14 6
4 17 6
5 6 4
6 7 4
7 8 5
8 9 4
9 10 4
10 11 5
11 12 4
12 13 4
13 14 5
14 15 4
15 16 4
16 17 5
17 18 4
18 19 4
19 5 5
O19 ab
5 5
0 0
1 0
2 0
3 10
4 28
0 1 6
1 2 6
2 3 6
3 4 4
4 0 6
O175
5 5
0 10
1 74
2 21
3 21
4 24
0 1 5
1 2 4
2 3 6
3 4 4
4 0 6
O19 ab
20 20
0 0
1 0
2 0
3 10
4 28
5 0
6 0
7 0
8 10
9 28
10 0
11 0
12 0
13 10
14 28
15 0
16 0
17 0
18 10
19 28
0 1 6
1 2 6
2 3 6
3 4 4
4 5 6
5 6 6
6 7 6
7 8 6
8 9 4
9 10 6
10 11 6
11 12 6
12 13 6
13 14 4
14 15 6
15 16 6
16 17 6
17 18 6
18 19 4
19 0 6
O176
20 20
0 21
1 21
2 17
3 16
4 21
5 21
6 17
7 16
8 21
9 21
10 17
11 16
12 21
13 21
14 17
15 16
16 21
17 21
18 17
19 16
0 1 6
1 2 6
2 3 4
3 4 5
4 5 6
5 6 6
6 7 4
7 8 5
8 9 6
9 10 6
10 11 4
11 12 5
12 13 6
13 14 6
14 15 4
15 16 5
16 17 6
17 18 6
18 19 4
19 0 5
O19 ab
20 20
0 0
1 0
2 0
3 10
4 28
5 0
6 0
7 0
8 10
9 28
10 0
11 0
12 0
13 10
14 28
15 0
16 0
17 0
18 10
19 28
0 1 6
1 2 6
2 3 6
3 4 4
4 5 6
5 6 6
6 7 6
7 8 6
8 9 4
9 10 6
10 11 6
11 12 6
12 13 6
13 14 4
14 15 6
15 16 6
16 17 6
17 18 6
18 19 4
19 0 6
O177
20 20
0 0
1 11
2 11
3 2
4 0
5 11
6 11
7 2
8 0
9 11
10 11
11 2
12 0
13 11
14 11
15 2
16 0
17 11
18 11
19 2
0 1 4
1 2 4
2 3 4
3 4 6
4 5 4
5 6 4
6 7 4
7 8 6
8 9 4
9 10 4
10 11 4
11 12 6
12 13 4
13 14 4
14 15 4
15 16 6
16 17 4
17 18 4
18 19 4
19 0 6
O19 ab
5 5
0 0
1 0
2 0
3 10
4 28
0 1 6
1 2 6
2 3 6
3 4 4
4 0 6
O178
5 5
0 18
1 47
2 14
3 15
4 24
0 1 5
1 2 6
2 3 5
3 4 4
4 0 5
O19 ab
20 20
0 0
1 0
2 0
3 10
4 28
5 0
6 0
7 0
8 10
9 28
10 0
11 0
12 0
13 10
14 28
15 0
16 0
17 0
18 10
19 28
0 1 6
1 2 6
2 3 6
3 4 4
4 5 6
5 6 6
6 7 6
7 8 6
8 9 4
9 10 6
10 11 6
11 12 6
12 13 6
13 14 4
14 15 6
15 16 6
16 17 6
17 18 6
18 19 4
19 0 6
O180
20 20
0 115
1 0
2 1
3 18
4 115
5 0
6 1
7 18
8 115
9 0
10 1
11 18
12 115
13 0
14 1
15 18
16 115
17 0
18 1
19 18
0 1 6
1 2 4
2 3 5
3 4 5
4 5 6
5 6 4
6 7 5
7 8 5
8 9 6
9 10 4
10 11 5
11 12 5
12 13 6
13 14 4
14 15 5
15 16 5
16 17 6
17 18 4
18 19 5
19 0 5
O19 ab
20 20
0 0
1 0
2 0
3 10
4 28
5 0
6 0
7 0
8 10
9 28
10 0
11 0
12 0
13 10
14 28
15 0
16 0
17 0
18 10
19 28
0 1 6
1 2 6
2 3 6
3 4 4
4 5 6
5 6 6
6 7 6
7 8 6
8 9 4
9 10 6
10 11 6
11 12 6
12 13 6
13 14 4
14 15 6
15 16 6
16 17 6
17 18 6
18 19 4
19 0 6
O181
25 25
0 77
1 77
2 77
3 77
4 77
5 116
6 10
7 77
8 2
9 116
10 10
11 77
12 2
13 116
14 10
15 77
16 2
17 116
18 10
19 77
20 2
21 116
22 10
23 77
24 2
0 5 4
1 9 4
2 13 4
3 17 4
4 21 4
5 6 12
6 7 114
7 8 4
8 9 5
9 10 12
10 11 114
11 12 4
12 13 5
13 14 12
14 15 114
15 16 4
16 17 5
17 18 12
18 19 114
19 20 4
20 21 5
21 22 12
22 23 114
23 24 4
24 5 5
O19 ab
15 15
0 0
1 0
2 0
3 10
4 28
5 0
6 0
7 0
8 10
9 28
10 0
11 0
12 0
13 10
14 28
0 1 6
1 2 6
2 3 6
3 4 4
4 5 6
5 6 6
6 7 6
7 8 6
8 9 4
9 10 6
10 11 6
11 12 6
12 13 6
13 14 4
14 0 6
O182
20 20
0 2
1 29
2 2
3 2
4 29
5 2
6 2
7 29
8 2
9 2
10 29
11 2
12 2
13 29
14 2
15 117
16 117
17 117
18 117
19 117
0 1 5
1 2 4
2 3 5
3 4 5
4 5 4
5 6 5
6 7 5
7 8 4
8 9 5
9 10 5
10 11 4
11 12 5
12 13 5
13 14 4
14 0 5
15 0 4
16 3 4
17 6 4
18 9 4
19 12 4
O19 ab
20 20
0 0
1 0
2 0
3 10
4 28
5 0
6 0
7 0
8 10
9 28
10 0
11 0
12 0
13 10
14 28
15 0
16 0
17 0
18 10
19 28
0 1 6
1 2 6
2 3 6
3 4 4
4 5 6
5 6 6
6 7 6
7 8 6
8 9 4
9 10 6
10 11 6
11 12 6
12 13 6
13 14 4
14 15 6
15 16 6
16 17 6
17 18 6
18 19 4
19 0 6
O183
30 30
0 14
1 29
2 14
3 29
4 14
5 29
6 14
7 29
8 14
9 29
10 15
11 21
12 21
13 24
14 15
15 21
16 21
17 24
18 15
19 21
20 21
21 24
22 15
23 21
24 21
25 24
26 15
27 21
28 21
29 24
0 1 5
1 10 5
2 3 5
3 14 5
4 5 5
5 18 5
6 7 5
7 22 5
8 9 5
9 26 5
10 11 12
11 12 6
12 13 4
13 14 4
14 15 12
15 16 6
16 17 4
17 18 4
18 19 12
19 20 6
20 21 4
21 22 4
22 23 12
23 24 6
24 25 4
25 26 4
26 27 12
27 28 6
28 29 4
29 10 4
O19 ab
20 20
0 0
1 0
2 0
3 10
4 28
5 0
6 0
7 0
8 10
9 28
10 0
11 0
12 0
13 10
14 28
15 0
16 0
17 0
18 10
19 28
0 1 6
1 2 6
2 3 6
3 4 4
4 5 6
5 6 6
6 7 6
7 8 6
8 9 4
9 10 6
10 11 6
11 12 6
12 13 6
13 14 4
14 15 6
15 16 6
16 17 6
17 18 6
18 19 4
19 0 6
O184
20 20
0 118
1 103
2 23
3 16
4 118
5 103
6 23
7 16
8 118
9 103
10 23
11 16
12 118
13 103
14 23
15 16
16 118
17 103
18 23
19 16
0 1 4
1 2 4
2 3 4
3 4 6
4 5 4
5 6 4
6 7 4
7 8 6
8 9 4
9 10 4
10 11 4
11 12 6
12 13 4
13 14 4
14 15 4
15 16 6
16 17 4
17 18 4
18 19 4
19 0 6
O19 ab
5 5
0 0
1 0
2 0
3 10
4 28
0 1 6
1 2 6
2 3 6
3 4 4
4 0 6
O185
5 5
0 24
1 29
2 14
3 15
4 16
0 1 6
1 2 4
2 3 5
3 4 4
4 0 5
O19 ab
20 20
0 0
1 0
2 0
3 10
4 28
5 0
6 0
7 0
8 10
9 28
10 0
11 0
12 0
13 10
14 28
15 0
16 0
17 0
18 10
19 28
0 1 6
1 2 6
2 3 6
3 4 4
4 5 6
5 6 6
6 7 6
7 8 6
8 9 4
9 10 6
10 11 6
11 12 6
12 13 6
13 14 4
14 15 6
15 16 6
16 17 6
17 18 6
18 19 4
19 0 6
O186
20 20
0 95
1 10
2 77
3 28
4 95
5 10
6 77
7 28
8 95
9 10
10 77
11 28
12 95
13 10
14 77
15 28
16 95
17 10
18 77
19 28
0 1 12
1 2 4
2 3 4
3 4 4
4 5 12
5 6 4
6 7 4
7 8 4
8 9 12
9 10 4
10 11 4
11 12 4
12 13 12
13 14 4
14 15 4
15 16 4
16 17 12
17 18 4
18 19 4
19 0 4
O19 ab
30 30
0 0
1 0
2 0
3 10
4 28
5 0
6 0
7 0
8 10
9 28
10 0
11 0
12 0
13 10
14 28
15 0
16 0
17 0
18 10
19 28
20 0
21 0
22 0
23 10
24 28
25 0
26 0
27 0
28 10
29 28
0 1 6
1 2 6
2 3 6
3 4 4
4 5 6
5 6 6
6 7 6
7 8 6
8 9 4
9 10 6
10 11 6
11 12 6
12 13 6
13 14 4
14 15 6
15 16 6
16 17 6
17 18 6
18 19 4
19 20 6
20 21 6
21 22 6
22 23 6
23 24 4
24 25 6
25 26 6
26 27 6
27 28 6
28 29 4
29 0 6
O187
30 30
0 65
1 18
2 29
3 21
4 21
5 2
6 65
7 18
8 29
9 21
10 21
11 2
12 65
13 18
14 29
15 21
16 21
17 2
18 65
19 18
20 29
21 21
22 21
23 2
24 65
25 18
26 29
27 21
28 21
29 2
0 1 4
1 2 5
2 3 4
3 4 6
4 5 4
5 6 6
6 7 4
7 8 5
8 9 4
9 10 6
10 11 4
11 12 6
12 13 4
13 14 5
14 15 4
15 16 6
16 17 4
17 18 6
18 19 4
19 20 5
20 21 4
21 22 6
22 23 4
23 24 6
24 25 4
25 26 5
26 27 4
27 28 6
28 29 4
29 0 6
O20 ab
2 2
0 14
1 7
0 1 5
1 0 6
O20 ac
3 3
0 7
1 14
2 7
0 2 4
1 2 5
2 1 6
O20 ab
6 6
0 14
1 7
2 14
3 7
4 14
5 7
0 1 5
1 2 6
2 3 5
3 4 6
4 5 5
5 0 6
O21
10 10
0 15
1 15
2 15
3 19
4 24
5 15
6 19
7 24
8 2
9 2
0 2 5
1 5 5
2 3 5
3 4 4
4 5 4
5 6 5
6 7 4
7 2 4
8 3 6
9 6 6
O20 ab
10 10
0 14
1 7
2 14
3 7
4 14
5 7
6 14
7 7
8 14
9 7
0 1 5
1 2 6
2 3 5
3 4 6
4 5 5
5 6 6
6 7 5
7 8 6
8 9 5
9 0 6
O22
10 10
0 10
1 29
2 30
3 7
4 24
5 10
6 29
7 30
8 7
9 24
0 1 5
1 2 5
2 3 4
3 4 4
4 5 12
5 6 5
6 7 5
7 8 4
8 9 4
9 0 12
O20 ab
4 4
0 14
1 7
2 14
3 7
0 1 5
1 2 6
2 3 5
3 0 6
O23 A
6 6
0 10
1 10
2 15
3 16
4 2
5 2
0 4 12
1 2 5
2 3 4
3 4 4
4 1 12
5 2 4
O20 ab
6 6
0 14
1 7
2 14
3 7
4 14
5 7
0 1 5
1 2 6
2 3 5
3 4 6
4 5 5
5 0 6
O24
8 8
0 31
1 19
2 24
3 31
4 19
5 24
6 10
7 10
0 1 33
1 2 4
2 3 32
3 4 33
4 5 4
5 0 32
6 1 6
7 4 6
O20 ab
6 6
0 14
1 7
2 14
3 7
4 14
5 7
0 1 5
1 2 6
2 3 5
3 4 6
4 5 5
5 0 6
O25
10 10
0 19
1 19
2 10
3 11
4 2
5 10
6 11
7 2
8 0
9 0
0 2 12
1 5 12
2 3 4
3 4 4
4 5 5
5 6 4
6 7 4
7 2 5
8 2 4
9 5 4
O20 ab
6 6
0 14
1 7
2 14
3 7
4 14
5 7
0 1 5
1 2 6
2 3 5
3 4 6
4 5 5
5 0 6
O26
6 6
0 0
1 11
2 2
3 0
4 11
5 2
0 1 5
1 2 4
2 3 4
3 4 5
4 5 4
5 0 4
O20 ab
6 6
0 14
1 7
2 14
3 7
4 14
5 7
0 1 5
1 2 6
2 3 5
3 4 6
4 5 5
5 0 6
O27
12 12
0 19
1 19
2 19
3 19
4 7
5 19
6 24
7 7
8 19
9 24
10 34
11 34
0 4 6
1 6 12
2 7 6
3 9 12
4 5 12
5 6 4
6 7 5
7 8 12
8 9 4
9 4 5
10 4 4
11 7 4
O20 ab
4 4
0 14
1 7
2 14
3 7
0 1 5
1 2 6
2 3 5
3 0 6
O28 ab
4 4
0 19
1 35
2 2
3 18
0 1 4
1 2 36
2 3 4
3 0 4
O20 ab
4 4
0 14
1 7
2 14
3 7
0 1 5
1 2 6
2 3 5
3 0 6
O28 ac
4 4
0 35
1 2
2 37
3 18
0 1 36
1 2 4
2 3 4
3 0 6
O20 ab
4 4
0 14
1 7
2 14
3 7
0 1 5
1 2 6
2 3 5
3 0 6
O29
6 6
0 10
1 7
2 35
3 19
4 11
5 2
0 1 12
1 4 4
2 3 38
3 4 5
4 5 4
5 2 4
O20 ab
6 6
0 14
1 7
2 14
3 7
4 14
5 7
0 1 5
1 2 6
2 3 5
3 4 6
4 5 5
5 0 6
O30
8 8
0 2
1 2
2 19
3 29
4 18
5 19
6 29
7 18
0 3 6
1 6 6
2 3 5
3 4 4
4 5 5
5 6 5
6 7 4
7 2 5
O20 ab
10 10
0 14
1 7
2 14
3 7
4 14
5 7
6 14
7 7
8 14
9 7
0 1 5
1 2 6
2 3 5
3 4 6
4 5 5
5 6 6
6 7 5
7 8 6
8 9 5
9 0 6
O32
10 10
0 7
1 29
2 15
3 39
4 2
5 7
6 29
7 15
8 39
9 2
0 1 5
1 2 12
2 3 5
3 4 5
4 5 12
5 6 5
6 7 12
7 8 5
8 9 5
9 0 12
O20 ab
10 10
0 14
1 7
2 14
3 7
4 14
5 7
6 14
7 7
8 14
9 7
0 1 5
1 2 6
2 3 5
3 4 6
4 5 5
5 6 6
6 7 5
7 8 6
8 9 5
9 0 6
O35
12 12
0 0
1 0
2 0
3 0
4 2
5 0
6 0
7 0
8 0
9 2
10 40
11 40
0 1 6
1 2 4
2 3 6
3 4 4
4 5 4
5 6 6
6 7 4
7 8 6
8 9 4
9 0 4
10 0 6
11 5 6
O20 ab
6 6
0 14
1 7
2 14
3 7
4 14
5 7
0 1 5
1 2 6
2 3 5
3 4 6
4 5 5
5 0 6
O36
10 10
0 0
1 23
2 0
3 23
4 21
5 23
6 2
7 21
8 23
9 2
0 1 6
1 4 4
2 3 6
3 7 4
4 5 4
5 6 4
6 7 5
7 8 4
8 9 4
9 4 5
O20 ab
4 4
0 14
1 7
2 14
3 7
0 1 5
1 2 6
2 3 5
3 0 6
O37
5 5
0 24
1 7
2 15
3 24
4 35
0 1 4
1 2 5
2 3 4
3 0 5
4 0 41
O20 ab
4 4
0 14
1 7
2 14
3 7
0 1 5
1 2 6
2 3 5
3 0 6
O38
5 5
0 18
1 2
2 24
3 29
4 24
0 2 5
1 2 4
2 3 5
3 4 4
4 1 12
O20 ab
4 4
0 14
1 7
2 14
3 7
0 1 5
1 2 6
2 3 5
3 0 6
O39
5 5
0 7
1 42
2 21
3 0
4 18
0 2 4
1 2 6
2 3 5
3 4 4
4 1 4
O20 ab
4 4
0 14
1 7
2 14
3 7
0 1 5
1 2 6
2 3 5
3 0 6
O40
4 4
0 15
1 17
2 7
3 2
0 1 5
1 2 5
2 3 4
3 0 6
O20 ab
10 10
0 14
1 7
2 14
3 7
4 14
5 7
6 14
7 7
8 14
9 7
0 1 5
1 2 6
2 3 5
3 4 6
4 5 5
5 6 6
6 7 5
7 8 6
8 9 5
9 0 6
O41
12 12
0 19
1 19
2 7
3 23
4 2
5 23
6 2
7 7
8 23
9 2
10 23
11 2
0 3 5
1 8 5
2 3 4
3 4 5
4 5 4
5 6 4
6 7 4
7 8 4
8 9 5
9 10 4
10 11 4
11 2 4
O20 ab
4 4
0 14
1 7
2 14
3 7
0 1 5
1 2 6
2 3 5
3 0 6
O42
5 5
0 35
1 2
2 37
3 18
4 10
0 1 36
1 2 4
2 3 4
3 0 6
4 1 4
O20 ab
4 4
0 14
1 7
2 14
3 7
0 1 5
1 2 6
2 3 5
3 0 6
O43
5 5
0 23
1 43
2 21
3 23
4 24
0 1 4
1 2 4
2 3 4
3 4 4
4 1 5
O20 ab
4 4
0 14
1 7
2 14
3 7
0 1 5
1 2 6
2 3 5
3 0 6
O44
5 5
0 10
1 21
2 21
3 17
4 18
0 3 5
1 2 6
2 3 6
3 4 4
4 1 12
O20 ab
6 6
0 14
1 7
2 14
3 7
4 14
5 7
0 1 5
1 2 6
2 3 5
3 4 6
4 5 5
5 0 6
O45
6 6
0 19
1 44
2 45
3 19
4 44
5 45
0 1 4
1 2 4
2 3 6
3 4 4
4 5 4
5 0 6
O20 ab
6 6
0 14
1 7
2 14
3 7
4 14
5 7
0 1 5
1 2 6
2 3 5
3 4 6
4 5 5
5 0 6
O45 rel
6 6
0 19
1 44
2 2
3 19
4 44
5 2
0 1 4
1 2 4
2 3 6
3 4 4
4 5 4
5 0 6
O20 ab
4 4
0 14
1 7
2 14
3 7
0 1 5
1 2 6
2 3 5
3 0 6
O46
4 4
0 46
1 15
2 19
3 24
0 1 12
1 2 12
2 3 4
3 0 5
O20 ab
4 4
0 14
1 7
2 14
3 7
0 1 5
1 2 6
2 3 5
3 0 6
O48
5 5
0 24
1 7
2 0
3 2
4 47
0 1 4
1 2 5
2 3 4
3 0 5
4 0 4
O20 ab
4 4
0 14
1 7
2 14
3 7
0 1 5
1 2 6
2 3 5
3 0 6
O49
4 4
0 48
1 24
2 0
3 49
0 1 5
1 2 5
2 3 4
3 0 6
O20 ab
2 2
0 14
1 7
0 1 5
1 0 6
O52
2 2
0 50
1 51
0 1 4
1 0 4
O20 ab
4 4
0 14
1 7
2 14
3 7
0 1 5
1 2 6
2 3 5
3 0 6
O53
5 5
0 10
1 0
2 29
3 1
4 2
0 1 6
1 2 5
2 3 4
3 4 5
4 1 4
O20 ab
6 6
0 14
1 7
2 14
3 7
4 14
5 7
0 1 5
1 2 6
2 3 5
3 4 6
4 5 5
5 0 6
O55
10 10
0 2
1 7
2 24
3 2
4 7
5 24
6 52
7 15
8 52
9 15
0 1 4
1 2 4
2 3 12
3 4 4
4 5 4
5 0 12
6 7 6
7 0 4
8 9 6
9 3 4
O20 ab
6 6
0 14
1 7
2 14
3 7
4 14
5 7
0 1 5
1 2 6
2 3 5
3 4 6
4 5 5
5 0 6
O56
8 8
0 31
1 19
2 2
3 31
4 19
5 2
6 7
7 7
0 1 33
1 2 4
2 3 32
3 4 33
4 5 4
5 0 32
6 1 6
7 4 6
O20 ab
6 6
0 14
1 7
2 14
3 7
4 14
5 7
0 1 5
1 2 6
2 3 5
3 4 6
4 5 5
5 0 6
O58
8 8
0 17
1 21
2 2
3 17
4 21
5 2
6 53
7 53
0 1 5
1 2 4
2 3 5
3 4 5
4 5 4
5 0 5
6 0 4
7 3 4
O20 ab
4 4
0 14
1 7
2 14
3 7
0 1 5
1 2 6
2 3 5
3 0 6
O59
5 5
0 47
1 21
2 21
3 17
4 18
0 1 4
1 2 4
2 3 4
3 4 4
4 1 12
O20 ab
6 6
0 14
1 7
2 14
3 7
4 14
5 7
0 1 5
1 2 6
2 3 5
3 4 6
4 5 5
5 0 6
O61
6 6
0 54
1 19
2 16
3 54
4 19
5 16
0 1 55
1 2 4
2 3 5
3 4 55
4 5 4
5 0 5
O20 ab
6 6
0 14
1 7
2 14
3 7
4 14
5 7
0 1 5
1 2 6
2 3 5
3 4 6
4 5 5
5 0 6
O62
10 10
0 10
1 10
2 25
3 25
4 25
5 25
6 25
7 25
8 10
9 10
0 2 6
1 5 6
2 3 56
3 4 4
4 5 56
5 6 56
6 7 4
7 2 56
8 3 6
9 6 6
O20 ab
4 4
0 14
1 7
2 14
3 7
0 1 5
1 2 6
2 3 5
3 0 6
O64
5 5
0 15
1 57
2 29
3 15
4 2
0 3 12
1 2 4
2 3 4
3 4 4
4 1 4
O20 ab
10 10
0 14
1 7
2 14
3 7
4 14
5 7
6 14
7 7
8 14
9 7
0 1 5
1 2 6
2 3 5
3 4 6
4 5 5
5 6 6
6 7 5
7 8 6
8 9 5
9 0 6
O65
10 10
0 13
1 58
2 16
3 59
4 18
5 13
6 58
7 16
8 59
9 18
0 1 5
1 2 5
2 3 5
3 4 4
4 5 6
5 6 5
6 7 5
7 8 5
8 9 4
9 0 6
O20 ab
10 10
0 14
1 7
2 14
3 7
4 14
5 7
6 14
7 7
8 14
9 7
0 1 5
1 2 6
2 3 5
3 4 6
4 5 5
5 6 6
6 7 5
7 8 6
8 9 5
9 0 6
O66
10 10
0 60
1 61
2 18
3 17
4 18
5 60
6 61
7 18
8 17
9 18
0 1 4
1 2 4
2 3 6
3 4 4
4 5 6
5 6 4
6 7 4
7 8 6
8 9 4
9 0 6
O20 ab
10 10
0 14
1 7
2 14
3 7
4 14
5 7
6 14
7 7
8 14
9 7
0 1 5
1 2 6
2 3 5
3 4 6
4 5 5
5 6 6
6 7 5
7 8 6
8 9 5
9 0 6
O68
14 14
0 0
1 0
2 21
3 21
4 21
5 17
6 18
7 21
8 21
9 21
10 17
11 18
12 10
13 10
0 2 4
1 7 4
2 3 6
3 4 6
4 5 6
5 6 4
6 7 12
7 8 6
8 9 6
9 10 6
10 11 4
11 2 12
12 3 4
13 8 4
O20 ab
10 10
0 14
1 7
2 14
3 7
4 14
5 7
6 14
7 7
8 14
9 7
0 1 5
1 2 6
2 3 5
3 4 6
4 5 5
5 6 6
6 7 5
7 8 6
8 9 5
9 0 6
O69
10 10
0 62
1 0
2 0
3 7
4 18
5 62
6 0
7 0
8 7
9 18
0 1 6
1 2 6
2 3 6
3 4 4
4 5 4
5 6 6
6 7 6
7 8 6
8 9 4
9 0 4
O20 ab
4 4
0 14
1 7
2 14
3 7
0 1 5
1 2 6
2 3 5
3 0 6
O70
5 5
0 13
1 63
2 15
3 16
4 10
0 1 4
1 2 4
2 3 4
3 0 5
4 3 5
O20 ab
4 4
0 14
1 7
2 14
3 7
0 1 5
1 2 6
2 3 5
3 0 6
O71
4 4
0 64
1 0
2 15
3 16
0 1 4
1 2 5
2 3 4
3 0 5
O20 ab
4 4
0 14
1 7
2 14
3 7
0 1 5
1 2 6
2 3 5
3 0 6
O73
6 6
0 10
1 21
2 21
3 17
4 18
5 10
0 2 5
1 2 6
2 3 6
3 4 4
4 1 12
5 3 4
O20 ab
4 4
0 14
1 7
2 14
3 7
0 1 5
1 2 6
2 3 5
3 0 6
O73 ab
5 5
0 10
1 21
2 21
3 17
4 16
0 3 4
1 2 6
2 3 6
3 4 4
4 1 5
O20 ab
6 6
0 14
1 7
2 14
3 7
4 14
5 7
0 1 5
1 2 6
2 3 5
3 4 6
4 5 5
5 0 6
O74
8 8
0 18
1 59
2 2
3 18
4 59
5 2
6 65
7 65
0 1 5
1 2 4
2 3 12
3 4 5
4 5 4
5 0 12
6 0 4
7 3 4
O20 ab
6 6
0 14
1 7
2 14
3 7
4 14
5 7
0 1 5
1 2 6
2 3 5
3 4 6
4 5 5
5 0 6
O75
8 8
0 17
1 17
2 7
3 0
4 2
5 7
6 0
7 2
0 2 5
1 5 5
2 3 5
3 4 4
4 5 4
5 6 5
6 7 4
7 2 4
O20 ab
4 4
0 14
1 7
2 14
3 7
0 1 5
1 2 6
2 3 5
3 0 6
O76
4 4
0 29
1 30
2 16
3 24
0 1 5
1 2 5
2 3 4
3 0 5
O20 ab
4 4
0 14
1 7
2 14
3 7
0 1 5
1 2 6
2 3 5
3 0 6
O77
4 4
0 21
1 21
2 17
3 18
0 1 6
1 2 6
2 3 4
3 0 12
O20 ab
4 4
0 14
1 7
2 14
3 7
0 1 5
1 2 6
2 3 5
3 0 6
O78
4 4
0 2
1 17
2 21
3 2
0 1 5
1 2 5
2 3 4
3 0 5
O20 ab
10 10
0 14
1 7
2 14
3 7
4 14
5 7
6 14
7 7
8 14
9 7
0 1 5
1 2 6
2 3 5
3 4 6
4 5 5
5 6 6
6 7 5
7 8 6
8 9 5
9 0 6
O79
12 12
0 0
1 0
2 15
3 66
4 17
5 29
6 18
7 15
8 66
9 17
10 29
11 18
0 3 4
1 8 4
2 3 5
3 4 4
4 5 5
5 6 4
6 7 6
7 8 5
8 9 4
9 10 5
10 11 4
11 2 6
O20 ab
4 4
0 14
1 7
2 14
3 7
0 1 5
1 2 6
2 3 5
3 0 6
O82
5 5
0 67
1 10
2 15
3 19
4 2
0 1 68
1 2 5
2 3 5
3 4 4
4 1 5
O20 ab
10 10
0 14
1 7
2 14
3 7
4 14
5 7
6 14
7 7
8 14
9 7
0 1 5
1 2 6
2 3 5
3 4 6
4 5 5
5 6 6
6 7 5
7 8 6
8 9 5
9 0 6
O83
10 10
0 10
1 29
2 15
3 15
4 2
5 10
6 29
7 15
8 15
9 2
0 1 5
1 2 12
2 3 5
3 4 5
4 5 12
5 6 5
6 7 12
7 8 5
8 9 5
9 0 12
O20 ab
4 4
0 14
1 7
2 14
3 7
0 1 5
1 2 6
2 3 5
3 0 6
O85
5 5
0 69
1 7
2 3
3 25
4 2
0 1 5
1 2 4
2 3 12
3 4 4
4 1 6
O20 ab
4 4
0 14
1 7
2 14
3 7
0 1 5
1 2 6
2 3 5
3 0 6
O86
5 5
0 7
1 23
2 15
3 16
4 24
0 2 4
1 2 6
2 3 4
3 4 4
4 1 5
O20 ab
4 4
0 14
1 7
2 14
3 7
0 1 5
1 2 6
2 3 5
3 0 6
O86.2
5 5
0 7
1 15
2 16
3 16
4 23
0 1 4
1 2 4
2 3 4
3 0 6
4 1 6
O20 ab
4 4
0 14
1 7
2 14
3 7
0 1 5
1 2 6
2 3 5
3 0 6
O86.3
5 5
0 7
1 23
2 15
3 16
4 24
0 2 4
1 2 6
2 3 4
3 4 4
4 1 5
O20 ab
4 4
0 14
1 7
2 14
3 7
0 1 5
1 2 6
2 3 5
3 0 6
O87
4 4
0 25
1 7
2 70
3 24
0 1 5
1 2 4
2 3 4
3 0 4
O20 ab
6 6
0 14
1 7
2 14
3 7
4 14
5 7
0 1 5
1 2 6
2 3 5
3 4 6
4 5 5
5 0 6
O88
8 8
0 21
1 21
2 2
3 21
4 21
5 2
6 61
7 61
0 1 4
1 2 4
2 3 5
3 4 4
4 5 4
5 0 5
6 0 4
7 3 4
O20 ab
4 4
0 14
1 7
2 14
3 7
0 1 5
1 2 6
2 3 5
3 0 6
O90
4 4
0 71
1 15
2 16
3 24
0 1 6
1 2 4
2 3 4
3 0 5
O20 ab
10 10
0 14
1 7
2 14
3 7
4 14
5 7
6 14
7 7
8 14
9 7
0 1 5
1 2 6
2 3 5
3 4 6
4 5 5
5 6 6
6 7 5
7 8 6
8 9 5
9 0 6
O91
10 10
0 72
1 15
2 2
3 73
4 2
5 72
6 15
7 2
8 73
9 2
0 1 5
1 2 5
2 3 5
3 4 4
4 5 5
5 6 5
6 7 5
7 8 5
8 9 4
9 0 5
O20 ab
4 4
0 14
1 7
2 14
3 7
0 1 5
1 2 6
2 3 5
3 0 6
O96
5 5
0 74
1 2
2 25
3 2
4 25
0 1 5
1 2 56
2 3 4
3 0 6
4 0 5
O20 ab
2 2
0 14
1 7
0 1 5
1 0 6
O97
4 4
0 75
1 0
2 1
3 75
0 1 76
1 2 4
2 1 4
3 2 76
O20 ab
4 4
0 14
1 7
2 14
3 7
0 1 5
1 2 6
2 3 5
3 0 6
O98
4 4
0 77
1 78
2 77
3 2
0 1 5
1 2 4
2 3 4
3 0 4
O20 ab
4 4
0 14
1 7
2 14
3 7
0 1 5
1 2 6
2 3 5
3 0 6
O99
6 6
0 10
1 10
2 79
3 79
4 79
5 79
0 2 6
1 5 6
2 3 6
3 4 6
4 5 4
5 2 4
O20 ab
4 4
0 14
1 7
2 14
3 7
0 1 5
1 2 6
2 3 5
3 0 6
O100
5 5
0 0
1 0
2 7
3 2
4 35
0 1 4
1 2 4
2 3 4
3 0 6
4 0 38
O20 ab
2 2
0 14
1 7
0 1 5
1 0 6
O101
2 2
0 18
1 16
0 1 5
1 0 12
O20 ab
6 6
0 14
1 7
2 14
3 7
4 14
5 7
0 1 5
1 2 6
2 3 5
3 4 6
4 5 5
5 0 6
O102
10 10
0 0
1 24
2 0
3 24
4 7
5 19
6 24
7 7
8 19
9 24
0 1 5
1 4 4
2 3 5
3 7 4
4 5 12
5 6 4
6 7 5
7 8 12
8 9 4
9 4 5
O20 ab
10 10
0 14
1 7
2 14
3 7
4 14
5 7
6 14
7 7
8 14
9 7
0 1 5
1 2 6
2 3 5
3 4 6
4 5 5
5 6 6
6 7 5
7 8 6
8 9 5
9 0 6
O103
10 10
0 19
1 80
2 18
3 16
4 2
5 19
6 80
7 18
8 16
9 2
0 1 6
1 2 12
2 3 5
3 4 4
4 5 6
5 6 6
6 7 12
7 8 5
8 9 4
9 0 6
