200
O13
25 25
0 10
1 10
2 10
3 10
4 10
5 0
6 0
7 0
8 2
9 0
10 0
11 0
12 2
13 0
14 0
15 0
16 2
17 0
18 0
19 0
20 2
21 0
22 0
23 0
24 2
0 7 6
1 11 6
2 15 6
3 19 6
4 23 6
5 6 6
6 7 4
7 8 4
8 9 6
9 10 6
10 11 4
11 12 4
12 13 6
13 14 6
14 15 4
15 16 4
16 17 6
17 18 6
18 19 4
19 20 4
20 21 6
21 22 6
22 23 4
23 24 4
24 5 6
O150
24 24
0 19
1 19
2 19
3 19
4 106
5 0
6 0
7 0
8 2
9 106
10 0
11 0
12 0
13 2
14 106
15 0
16 0
17 0
18 2
19 106
20 0
21 0
22 0
23 2
0 7 6
1 12 6
2 17 6
3 22 6
4 5 6
5 6 6
6 7 4
7 8 4
8 9 4
9 10 6
10 11 6
11 12 4
12 13 4
13 14 4
14 15 6
15 16 6
16 17 4
17 18 4
18 19 4
19 20 6
20 21 6
21 22 4
22 23 4
23 4 4
O13
5 5
0 10
1 0
2 0
3 0
4 2
0 3 6
1 2 6
2 3 4
3 4 4
4 1 6
O151
5 5
0 2
1 89
2 7
3 90
4 2
0 4 5
1 2 91
2 3 4
3 4 4
4 1 6
O13
5 5
0 10
1 0
2 0
3 0
4 2
0 3 6
1 2 6
2 3 4
3 4 4
4 1 6
O152
5 5
0 1
1 18
2 10
3 19
4 2
0 1 5
1 2 107
2 3 6
3 4 4
4 1 4
O13
25 25
0 10
1 10
2 10
3 10
4 10
5 0
6 0
7 0
8 2
9 0
10 0
11 0
12 2
13 0
14 0
15 0
16 2
17 0
18 0
19 0
20 2
21 0
22 0
23 0
24 2
0 7 6
1 11 6
2 15 6
3 19 6
4 23 6
5 6 6
6 7 4
7 8 4
8 9 6
9 10 6
10 11 4
11 12 4
12 13 6
13 14 6
14 15 4
15 16 4
16 17 6
17 18 6
18 19 4
19 20 4
20 21 6
21 22 6
22 23 4
23 24 4
24 5 6
O153
20 20
0 14
1 15
2 18
3 15
4 18
5 14
6 15
7 18
8 15
9 18
10 14
11 15
12 18
13 15
14 18
15 14
16 15
17 18
18 15
19 18
0 1 5
1 2 5
2 3 5
3 4 4
4 5 6
5 6 5
6 7 5
7 8 5
8 9 4
9 10 6
10 11 5
11 12 5
12 13 5
13 14 4
14 15 6
15 16 5
16 17 5
17 18 5
18 19 4
19 0 6
O13
5 5
0 10
1 0
2 0
3 0
4 2
0 3 6
1 2 6
2 3 4
3 4 4
4 1 6
O154
5 5
0 57
1 0
2 0
3 0
4 16
0 1 4
1 2 4
2 3 4
3 4 4
4 1 6
O13
15 15
0 10
1 10
2 10
3 0
4 0
5 0
6 2
7 0
8 0
9 0
10 2
11 0
12 0
13 0
14 2
0 5 6
1 9 6
2 13 6
3 4 6
4 5 4
5 6 4
6 7 6
7 8 6
8 9 4
9 10 4
10 11 6
11 12 6
12 13 4
13 14 4
14 3 6
O155
20 20
0 59
1 59
2 59
3 59
4 7
5 15
6 24
7 7
8 15
9 24
10 7
11 15
12 24
13 7
14 15
15 24
16 7
17 7
18 7
19 7
0 4 5
1 7 5
2 10 5
3 13 5
4 5 4
5 6 4
6 7 4
7 8 4
8 9 4
9 10 4
10 11 4
11 12 4
12 13 4
13 14 4
14 15 4
15 4 4
16 5 12
17 8 12
18 11 12
19 14 12
O13
5 5
0 10
1 0
2 0
3 0
4 2
0 3 6
1 2 6
2 3 4
3 4 4
4 1 6
O156
5 5
0 23
1 7
2 23
3 2
4 108
0 1 12
1 2 4
2 3 4
3 0 5
4 0 4
O13
5 5
0 10
1 0
2 0
3 0
4 2
0 3 6
1 2 6
2 3 4
3 4 4
4 1 6
O157
4 4
0 109
1 23
2 19
3 16
0 1 4
1 2 5
2 3 4
3 0 6
O13
15 15
0 10
1 10
2 10
3 0
4 0
5 0
6 2
7 0
8 0
9 0
10 2
11 0
12 0
13 0
14 2
0 5 6
1 9 6
2 13 6
3 4 6
4 5 4
5 6 4
6 7 6
7 8 6
8 9 4
9 10 4
10 11 6
11 12 6
12 13 4
13 14 4
14 3 6
O158 ab
20 20
0 10
1 10
2 10
3 10
4 10
5 16
6 24
7 10
8 16
9 24
10 10
11 16
12 24
13 10
14 16
15 24
16 0
17 0
18 0
19 0
0 4 12
1 7 12
2 10 12
3 13 12
4 5 4
5 6 4
6 7 5
7 8 4
8 9 4
9 10 5
10 11 4
11 12 4
12 13 5
13 14 4
14 15 4
15 4 5
16 4 4
17 7 4
18 10 4
19 13 4
O13
15 15
0 10
1 10
2 10
3 0
4 0
5 0
6 2
7 0
8 0
9 0
10 2
11 0
12 0
13 0
14 2
0 5 6
1 9 6
2 13 6
3 4 6
4 5 4
5 6 4
6 7 6
7 8 6
8 9 4
9 10 4
10 11 6
11 12 6
12 13 4
13 14 4
14 3 6
O158 ac
20 20
0 0
1 0
2 0
3 0
4 3
5 47
6 2
7 3
8 47
9 2
10 3
11 47
12 2
13 3
14 47
15 2
16 19
17 19
18 19
19 19
0 4 4
1 7 4
2 10 4
3 13 4
4 5 5
5 6 4
6 7 5
7 8 5
8 9 4
9 10 5
10 11 5
11 12 4
12 13 5
13 14 5
14 15 4
15 4 5
16 4 12
17 7 12
18 10 12
19 13 12
O13
5 5
0 10
1 0
2 0
3 0
4 2
0 3 6
1 2 6
2 3 4
3 4 4
4 1 6
O159
5 5
0 23
1 2
2 47
3 23
4 2
0 1 5
1 2 5
2 3 4
3 4 4
4 1 4
O13
5 5
0 10
1 0
2 0
3 0
4 2
0 3 6
1 2 6
2 3 4
3 4 4
4 1 6
O160
5 5
0 19
1 2
2 7
3 15
4 24
0 1 12
1 2 4
2 3 107
3 4 4
4 1 5
O13
15 15
0 10
1 10
2 10
3 0
4 0
5 0
6 2
7 0
8 0
9 0
10 2
11 0
12 0
13 0
14 2
0 5 6
1 9 6
2 13 6
3 4 6
4 5 4
5 6 4
6 7 6
7 8 6
8 9 4
9 10 4
10 11 6
11 12 6
12 13 4
13 14 4
14 3 6
O161
12 12
0 110
1 29
2 2
3 110
4 29
5 2
6 110
7 29
8 2
9 110
10 29
11 2
0 1 55
1 2 4
2 3 101
3 4 55
4 5 4
5 6 101
6 7 55
7 8 4
8 9 101
9 10 55
10 11 4
11 0 101
O13
5 5
0 10
1 0
2 0
3 0
4 2
0 3 6
1 2 6
2 3 4
3 4 4
4 1 6
O163
4 4
0 17
1 29
2 77
3 18
0 1 5
1 2 4
2 3 4
3 0 6
O13
15 15
0 10
1 10
2 10
3 0
4 0
5 0
6 2
7 0
8 0
9 0
10 2
11 0
12 0
13 0
14 2
0 5 6
1 9 6
2 13 6
3 4 6
4 5 4
5 6 4
6 7 6
7 8 6
8 9 4
9 10 4
10 11 6
11 12 6
12 13 4
13 14 4
14 3 6
O164
20 20
0 19
1 10
2 19
3 10
4 19
5 10
6 19
7 10
8 15
9 25
10 24
11 15
12 25
13 24
14 15
15 25
16 24
17 15
18 25
19 24
0 1 12
1 8 5
2 3 12
3 11 5
4 5 12
5 14 5
6 7 12
7 17 5
8 9 12
9 10 4
10 11 4
11 12 12
12 13 4
13 14 4
14 15 12
15 16 4
16 17 4
17 18 12
18 19 4
19 8 4
O13
5 5
0 10
1 0
2 0
3 0
4 2
0 3 6
1 2 6
2 3 4
3 4 4
4 1 6
O165
4 4
0 111
1 15
2 19
3 18
0 1 83
1 2 5
2 3 4
3 0 101
O13
5 5
0 10
1 0
2 0
3 0
4 2
0 3 6
1 2 6
2 3 4
3 4 4
4 1 6
O166
5 5
0 7
1 7
2 16
3 24
4 19
0 1 12
1 2 5
2 3 4
3 0 4
4 2 4
O13
25 25
0 10
1 10
2 10
3 10
4 10
5 0
6 0
7 0
8 2
9 0
10 0
11 0
12 2
13 0
14 0
15 0
16 2
17 0
18 0
19 0
20 2
21 0
22 0
23 0
24 2
0 7 6
1 11 6
2 15 6
3 19 6
4 23 6
5 6 6
6 7 4
7 8 4
8 9 6
9 10 6
10 11 4
11 12 4
12 13 6
13 14 6
14 15 4
15 16 4
16 17 6
17 18 6
18 19 4
19 20 4
20 21 6
21 22 6
22 23 4
23 24 4
24 5 6
O167
24 24
0 69
1 69
2 69
3 69
4 112
5 18
6 25
7 25
8 2
9 112
10 18
11 25
12 25
13 2
14 112
15 18
16 25
17 25
18 2
19 112
20 18
21 25
22 25
23 2
0 4 5
1 9 5
2 14 5
3 19 5
4 5 4
5 6 6
6 7 56
7 8 4
8 9 6
9 10 4
10 11 6
11 12 56
12 13 4
13 14 6
14 15 4
15 16 6
16 17 56
17 18 4
18 19 6
19 20 4
20 21 6
21 22 56
22 23 4
23 4 6
O13
5 5
0 10
1 0
2 0
3 0
4 2
0 3 6
1 2 6
2 3 4
3 4 4
4 1 6
O168
5 5
0 23
1 18
2 74
3 23
4 2
0 1 4
1 2 5
2 3 4
3 4 4
4 1 5
O13
5 5
0 10
1 0
2 0
3 0
4 2
0 3 6
1 2 6
2 3 4
3 4 4
4 1 6
O169
6 6
0 19
1 7
2 21
3 21
4 24
5 29
0 1 12
1 2 12
2 3 6
3 4 4
4 1 4
5 1 5
O13
5 5
0 10
1 0
2 0
3 0
4 2
0 3 6
1 2 6
2 3 4
3 4 4
4 1 6
O170
5 5
0 2
1 29
2 25
3 2
4 25
0 1 5
1 2 4
2 3 4
3 0 5
4 0 4
O13
25 25
0 10
1 10
2 10
3 10
4 10
5 0
6 0
7 0
8 2
9 0
10 0
11 0
12 2
13 0
14 0
15 0
16 2
17 0
18 0
19 0
20 2
21 0
22 0
23 0
24 2
0 7 6
1 11 6
2 15 6
3 19 6
4 23 6
5 6 6
6 7 4
7 8 4
8 9 6
9 10 6
10 11 4
11 12 4
12 13 6
13 14 6
14 15 4
15 16 4
16 17 6
17 18 6
18 19 4
19 20 4
20 21 6
21 22 6
22 23 4
23 24 4
24 5 6
O171
20 20
0 81
1 15
2 19
3 15
4 24
5 81
6 15
7 19
8 15
9 24
10 81
11 15
12 19
13 15
14 24
15 81
16 15
17 19
18 15
19 24
0 1 83
1 2 12
2 3 4
3 4 4
4 5 5
5 6 83
6 7 12
7 8 4
8 9 4
9 10 5
10 11 83
11 12 12
12 13 4
13 14 4
14 15 5
15 16 83
16 17 12
17 18 4
18 19 4
19 0 5
O13
25 25
0 10
1 10
2 10
3 10
4 10
5 0
6 0
7 0
8 2
9 0
10 0
11 0
12 2
13 0
14 0
15 0
16 2
17 0
18 0
19 0
20 2
21 0
22 0
23 0
24 2
0 7 6
1 11 6
2 15 6
3 19 6
4 23 6
5 6 6
6 7 4
7 8 4
8 9 6
9 10 6
10 11 4
11 12 4
12 13 6
13 14 6
14 15 4
15 16 4
16 17 6
17 18 6
18 19 4
19 20 4
20 21 6
21 22 6
22 23 4
23 24 4
24 5 6
O172
20 20
0 11
1 113
2 10
3 11
4 18
5 11
6 113
7 10
8 11
9 18
10 11
11 113
12 10
13 11
14 18
15 11
16 113
17 10
18 11
19 18
0 1 5
1 2 114
2 3 4
3 4 4
4 5 4
5 6 5
6 7 114
7 8 4
8 9 4
9 10 4
10 11 5
11 12 114
12 13 4
13 14 4
14 15 4
15 16 5
16 17 114
17 18 4
18 19 4
19 0 4
O13
5 5
0 10
1 0
2 0
3 0
4 2
0 3 6
1 2 6
2 3 4
3 4 4
4 1 6
O173
5 5
0 23
1 10
2 10
3 19
4 2
0 1 5
1 2 107
2 3 6
3 4 4
4 1 4
O13
15 15
0 10
1 10
2 10
3 0
4 0
5 0
6 2
7 0
8 0
9 0
10 2
11 0
12 0
13 0
14 2
0 5 6
1 9 6
2 13 6
3 4 6
4 5 4
5 6 4
6 7 6
7 8 6
8 9 4
9 10 4
10 11 6
11 12 6
12 13 4
13 14 4
14 3 6
O174 ab
16 16
0 2
1 2
2 2
3 2
4 29
5 15
6 24
7 29
8 15
9 24
10 29
11 15
12 24
13 29
14 15
15 24
0 4 6
1 7 6
2 10 6
3 13 6
4 5 4
5 6 4
6 7 5
7 8 4
8 9 4
9 10 5
10 11 4
11 12 4
12 13 5
13 14 4
14 15 4
15 4 5
O13
15 15
0 10
1 10
2 10
3 0
4 0
5 0
6 2
7 0
8 0
9 0
10 2
11 0
12 0
13 0
14 2
0 5 6
1 9 6
2 13 6
3 4 6
4 5 4
5 6 4
6 7 6
7 8 6
8 9 4
9 10 4
10 11 6
11 12 6
12 13 4
13 14 4
14 3 6
O174 ac
16 16
0 2
1 2
2 2
3 2
4 29
5 15
6 2
7 29
8 15
9 2
10 29
11 15
12 2
13 29
14 15
15 2
0 4 6
1 7 6
2 10 6
3 13 6
4 5 4
5 6 4
6 7 5
7 8 4
8 9 4
9 10 5
10 11 4
11 12 4
12 13 5
13 14 4
14 15 4
15 4 5
O13
25 25
0 10
1 10
2 10
3 10
4 10
5 0
6 0
7 0
8 2
9 0
10 0
11 0
12 2
13 0
14 0
15 0
16 2
17 0
18 0
19 0
20 2
21 0
22 0
23 0
24 2
0 7 6
1 11 6
2 15 6
3 19 6
4 23 6
5 6 6
6 7 4
7 8 4
8 9 6
9 10 6
10 11 4
11 12 4
12 13 6
13 14 6
14 15 4
15 16 4
16 17 6
17 18 6
18 19 4
19 20 4
20 21 6
21 22 6
22 23 4
23 24 4
24 5 6
O175
20 20
0 10
1 74
2 21
3 21
4 24
5 10
6 74
7 21
8 21
9 24
10 10
11 74
12 21
13 21
14 24
15 10
16 74
17 21
18 21
19 24
0 1 5
1 2 4
2 3 6
3 4 4
4 5 6
5 6 5
6 7 4
7 8 6
8 9 4
9 10 6
10 11 5
11 12 4
12 13 6
13 14 4
14 15 6
15 16 5
16 17 4
17 18 6
18 19 4
19 0 6
O13
5 5
0 10
1 0
2 0
3 0
4 2
0 3 6
1 2 6
2 3 4
3 4 4
4 1 6
O176
4 4
0 21
1 21
2 17
3 16
0 1 6
1 2 6
2 3 4
3 0 5
O13
5 5
0 10
1 0
2 0
3 0
4 2
0 3 6
1 2 6
2 3 4
3 4 4
4 1 6
O177
4 4
0 0
1 11
2 11
3 2
0 1 4
1 2 4
2 3 4
3 0 6
O13
25 25
0 10
1 10
2 10
3 10
4 10
5 0
6 0
7 0
8 2
9 0
10 0
11 0
12 2
13 0
14 0
15 0
16 2
17 0
18 0
19 0
20 2
21 0
22 0
23 0
24 2
0 7 6
1 11 6
2 15 6
3 19 6
4 23 6
5 6 6
6 7 4
7 8 4
8 9 6
9 10 6
10 11 4
11 12 4
12 13 6
13 14 6
14 15 4
15 16 4
16 17 6
17 18 6
18 19 4
19 20 4
20 21 6
21 22 6
22 23 4
23 24 4
24 5 6
O178
20 20
0 18
1 47
2 14
3 15
4 24
5 18
6 47
7 14
8 15
9 24
10 18
11 47
12 14
13 15
14 24
15 18
16 47
17 14
18 15
19 24
0 1 5
1 2 6
2 3 5
3 4 4
4 5 5
5 6 5
6 7 6
7 8 5
8 9 4
9 10 5
10 11 5
11 12 6
12 13 5
13 14 4
14 15 5
15 16 5
16 17 6
17 18 5
18 19 4
19 0 5
O13
5 5
0 10
1 0
2 0
3 0
4 2
0 3 6
1 2 6
2 3 4
3 4 4
4 1 6
O180
4 4
0 115
1 0
2 1
3 18
0 1 6
1 2 4
2 3 5
3 0 5
O13
5 5
0 10
1 0
2 0
3 0
4 2
0 3 6
1 2 6
2 3 4
3 4 4
4 1 6
O181
5 5
0 77
1 116
2 10
3 77
4 2
0 1 4
1 2 12
2 3 114
3 4 4
4 1 5
O13
15 15
0 10
1 10
2 10
3 0
4 0
5 0
6 2
7 0
8 0
9 0
10 2
11 0
12 0
13 0
14 2
0 5 6
1 9 6
2 13 6
3 4 6
4 5 4
5 6 4
6 7 6
7 8 6
8 9 4
9 10 4
10 11 6
11 12 6
12 13 4
13 14 4
14 3 6
O182
16 16
0 2
1 29
2 2
3 2
4 29
5 2
6 2
7 29
8 2
9 2
10 29
11 2
12 117
13 117
14 117
15 117
0 1 5
1 2 4
2 3 5
3 4 5
4 5 4
5 6 5
6 7 5
7 8 4
8 9 5
9 10 5
10 11 4
11 0 5
12 0 4
13 3 4
14 6 4
15 9 4
O13
5 5
0 10
1 0
2 0
3 0
4 2
0 3 6
1 2 6
2 3 4
3 4 4
4 1 6
O183
6 6
0 14
1 29
2 15
3 21
4 21
5 24
0 1 5
1 2 5
2 3 12
3 4 6
4 5 4
5 2 4
O13
5 5
0 10
1 0
2 0
3 0
4 2
0 3 6
1 2 6
2 3 4
3 4 4
4 1 6
O184
4 4
0 118
1 103
2 23
3 16
0 1 4
1 2 4
2 3 4
3 0 6
O13
25 25
0 10
1 10
2 10
3 10
4 10
5 0
6 0
7 0
8 2
9 0
10 0
11 0
12 2
13 0
14 0
15 0
16 2
17 0
18 0
19 0
20 2
21 0
22 0
23 0
24 2
0 7 6
1 11 6
2 15 6
3 19 6
4 23 6
5 6 6
6 7 4
7 8 4
8 9 6
9 10 6
10 11 4
11 12 4
12 13 6
13 14 6
14 15 4
15 16 4
16 17 6
17 18 6
18 19 4
19 20 4
20 21 6
21 22 6
22 23 4
23 24 4
24 5 6
O185
20 20
0 24
1 29
2 14
3 15
4 16
5 24
6 29
7 14
8 15
9 16
10 24
11 29
12 14
13 15
14 16
15 24
16 29
17 14
18 15
19 16
0 1 6
1 2 4
2 3 5
3 4 4
4 5 5
5 6 6
6 7 4
7 8 5
8 9 4
9 10 5
10 11 6
11 12 4
12 13 5
13 14 4
14 15 5
15 16 6
16 17 4
17 18 5
18 19 4
19 0 5
O13
5 5
0 10
1 0
2 0
3 0
4 2
0 3 6
1 2 6
2 3 4
3 4 4
4 1 6
O186
4 4
0 95
1 10
2 77
3 28
0 1 12
1 2 4
2 3 4
3 0 4
O13
15 15
0 10
1 10
2 10
3 0
4 0
5 0
6 2
7 0
8 0
9 0
10 2
11 0
12 0
13 0
14 2
0 5 6
1 9 6
2 13 6
3 4 6
4 5 4
5 6 4
6 7 6
7 8 6
8 9 4
9 10 4
10 11 6
11 12 6
12 13 4
13 14 4
14 3 6
O187
12 12
0 65
1 18
2 29
3 21
4 21
5 2
6 65
7 18
8 29
9 21
10 21
11 2
0 1 4
1 2 5
2 3 4
3 4 6
4 5 4
5 6 6
6 7 4
7 8 5
8 9 4
9 10 6
10 11 4
11 0 6
O15
12 12
0 15
1 11
2 2
3 15
4 11
5 2
6 15
7 11
8 2
9 15
10 11
11 2
0 1 4
1 2 4
2 3 6
3 4 4
4 5 4
5 6 6
6 7 4
7 8 4
8 9 6
9 10 4
10 11 4
11 0 6
O16
15 15
0 10
1 10
2 10
3 25
4 10
5 26
6 18
7 25
8 10
9 26
10 18
11 25
12 10
13 26
14 18
0 6 12
1 10 12
2 14 12
3 4 12
4 5 4
5 6 4
6 7 6
7 8 12
8 9 4
9 10 4
10 11 6
11 12 12
12 13 4
13 14 4
14 3 6
O15
12 12
0 15
1 11
2 2
3 15
4 11
5 2
6 15
7 11
8 2
9 15
10 11
11 2
0 1 4
1 2 4
2 3 6
3 4 4
4 5 4
5 6 6
6 7 4
7 8 4
8 9 6
9 10 4
10 11 4
11 0 6
O16.2
12 12
0 25
1 10
2 0
3 18
4 25
5 10
6 0
7 18
8 25
9 10
10 0
11 18
0 1 12
1 2 4
2 3 4
3 4 6
4 5 12
5 6 4
6 7 4
7 8 6
8 9 12
9 10 4
10 11 4
11 0 6
O15
12 12
0 15
1 11
2 2
3 15
4 11
5 2
6 15
7 11
8 2
9 15
10 11
11 2
0 1 4
1 2 4
2 3 6
3 4 4
4 5 4
5 6 6
6 7 4
7 8 4
8 9 6
9 10 4
10 11 4
11 0 6
O16.3
12 12
0 25
1 10
2 26
3 18
4 25
5 10
6 26
7 18
8 25
9 10
10 26
11 18
0 1 12
1 2 4
2 3 4
3 4 6
4 5 12
5 6 4
6 7 4
7 8 6
8 9 12
9 10 4
10 11 4
11 0 6
O15
12 12
0 15
1 11
2 2
3 15
4 11
5 2
6 15
7 11
8 2
9 15
10 11
11 2
0 1 4
1 2 4
2 3 6
3 4 4
4 5 4
5 6 6
6 7 4
7 8 4
8 9 6
9 10 4
10 11 4
11 0 6
O17
15 15
0 10
1 10
2 10
3 21
4 21
5 17
6 18
7 21
8 21
9 17
10 18
11 21
12 21
13 17
14 18
0 6 12
1 10 12
2 14 12
3 4 6
4 5 6
5 6 4
6 7 12
7 8 6
8 9 6
9 10 4
10 11 12
11 12 6
12 13 6
13 14 4
14 3 12
O15
12 12
0 15
1 11
2 2
3 15
4 11
5 2
6 15
7 11
8 2
9 15
10 11
11 2
0 1 4
1 2 4
2 3 6
3 4 4
4 5 4
5 6 6
6 7 4
7 8 4
8 9 6
9 10 4
10 11 4
11 0 6
O18 A
15 15
0 0
1 10
2 7
3 18
4 0
5 10
6 7
7 18
8 0
9 10
10 7
11 18
12 2
13 2
14 2
0 1 12
1 2 5
2 3 4
3 4 6
4 5 12
5 6 5
6 7 4
7 8 6
8 9 12
9 10 5
10 11 4
11 0 6
12 2 4
13 6 4
14 10 4
O15
12 12
0 15
1 11
2 2
3 15
4 11
5 2
6 15
7 11
8 2
9 15
10 11
11 2
0 1 4
1 2 4
2 3 6
3 4 4
4 5 4
5 6 6
6 7 4
7 8 4
8 9 6
9 10 4
10 11 4
11 0 6
O18 A1
18 18
0 10
1 10
2 10
3 0
4 10
5 7
6 18
7 0
8 10
9 7
10 18
11 0
12 10
13 7
14 18
15 2
16 2
17 2
0 6 12
1 10 12
2 14 12
3 4 12
4 5 5
5 6 4
6 7 6
7 8 12
8 9 5
9 10 4
10 11 6
11 12 12
12 13 5
13 14 4
14 3 6
15 5 4
16 9 4
17 13 4
O15
12 12
0 15
1 11
2 2
3 15
4 11
5 2
6 15
7 11
8 2
9 15
10 11
11 2
0 1 4
1 2 4
2 3 6
3 4 4
4 5 4
5 6 6
6 7 4
7 8 4
8 9 6
9 10 4
10 11 4
11 0 6
O18 A1A2
18 18
0 27
1 10
2 27
3 10
4 27
5 10
6 0
7 10
8 7
9 18
10 0
11 10
12 7
13 18
14 0
15 10
16 7
17 18
0 8 4
1 9 12
2 12 4
3 13 12
4 16 4
5 17 12
6 7 12
7 8 5
8 9 4
9 10 6
10 11 12
11 12 5
12 13 4
13 14 6
14 15 12
15 16 5
16 17 4
17 6 6
O15
12 12
0 15
1 11
2 2
3 15
4 11
5 2
6 15
7 11
8 2
9 15
10 11
11 2
0 1 4
1 2 4
2 3 6
3 4 4
4 5 4
5 6 6
6 7 4
7 8 4
8 9 6
9 10 4
10 11 4
11 0 6
O18 ab
15 15
0 0
1 10
2 7
3 18
4 0
5 10
6 7
7 18
8 0
9 10
10 7
11 18
12 19
13 19
14 19
0 1 12
1 2 5
2 3 4
3 4 4
4 5 12
5 6 5
6 7 4
7 8 4
8 9 12
9 10 5
10 11 4
11 0 4
12 2 4
13 6 4
14 10 4
O15
12 12
0 15
1 11
2 2
3 15
4 11
5 2
6 15
7 11
8 2
9 15
10 11
11 2
0 1 4
1 2 4
2 3 6
3 4 4
4 5 4
5 6 6
6 7 4
7 8 4
8 9 6
9 10 4
10 11 4
11 0 6
O18 ac
15 15
0 0
1 10
2 7
3 18
4 0
5 10
6 7
7 18
8 0
9 10
10 7
11 18
12 2
13 2
14 2
0 1 12
1 2 5
2 3 4
3 4 6
4 5 12
5 6 5
6 7 4
7 8 6
8 9 12
9 10 5
10 11 4
11 0 6
12 2 4
13 6 4
14 10 4
O15
12 12
0 15
1 11
2 2
3 15
4 11
5 2
6 15
7 11
8 2
9 15
10 11
11 2
0 1 4
1 2 4
2 3 6
3 4 4
4 5 4
5 6 6
6 7 4
7 8 4
8 9 6
9 10 4
10 11 4
11 0 6
O18 B
15 15
0 0
1 10
2 7
3 18
4 0
5 10
6 7
7 18
8 0
9 10
10 7
11 18
12 19
13 19
14 19
0 1 12
1 2 5
2 3 4
3 4 4
4 5 12
5 6 5
6 7 4
7 8 4
8 9 12
9 10 5
10 11 4
11 0 4
12 2 4
13 6 4
14 10 4
O15
12 12
0 15
1 11
2 2
3 15
4 11
5 2
6 15
7 11
8 2
9 15
10 11
11 2
0 1 4
1 2 4
2 3 6
3 4 4
4 5 4
5 6 6
6 7 4
7 8 4
8 9 6
9 10 4
10 11 4
11 0 6
O18 B1
18 18
0 10
1 10
2 10
3 0
4 10
5 7
6 18
7 0
8 10
9 7
10 18
11 0
12 10
13 7
14 18
15 19
16 19
17 19
0 6 5
1 10 5
2 14 5
3 4 12
4 5 5
5 6 4
6 7 4
7 8 12
8 9 5
9 10 4
10 11 4
11 12 12
12 13 5
13 14 4
14 3 4
15 5 4
16 9 4
17 13 4
O15
15 15
0 15
1 11
2 2
3 15
4 11
5 2
6 15
7 11
8 2
9 15
10 11
11 2
12 15
13 11
14 2
0 1 4
1 2 4
2 3 6
3 4 4
4 5 4
5 6 6
6 7 4
7 8 4
8 9 6
9 10 4
10 11 4
11 12 6
12 13 4
13 14 4
14 0 6
O19 ab
15 15
0 0
1 0
2 0
3 10
4 28
5 0
6 0
7 0
8 10
9 28
10 0
11 0
12 0
13 10
14 28
0 1 6
1 2 6
2 3 6
3 4 4
4 5 6
5 6 6
6 7 6
7 8 6
8 9 4
9 10 6
10 11 6
11 12 6
12 13 6
13 14 4
14 0 6
O15
6 6
0 15
1 11
2 2
3 15
4 11
5 2
0 1 4
1 2 4
2 3 6
3 4 4
4 5 4
5 0 6
O20 ab
6 6
0 14
1 7
2 14
3 7
4 14
5 7
0 1 5
1 2 6
2 3 5
3 4 6
4 5 5
5 0 6
O15
6 6
0 15
1 11
2 2
3 15
4 11
5 2
0 1 4
1 2 4
2 3 6
3 4 4
4 5 4
5 0 6
O20 ac
9 9
0 7
1 7
2 7
3 14
4 7
5 14
6 7
7 14
8 7
0 4 4
1 6 4
2 8 4
3 4 5
4 5 6
5 6 5
6 7 6
7 8 5
8 3 6
O15
3 3
0 15
1 11
2 2
0 1 4
1 2 4
2 0 6
O21
5 5
0 15
1 15
2 19
3 24
4 2
0 1 5
1 2 5
2 3 4
3 1 4
4 2 6
O15
15 15
0 15
1 11
2 2
3 15
4 11
5 2
6 15
7 11
8 2
9 15
10 11
11 2
12 15
13 11
14 2
0 1 4
1 2 4
2 3 6
3 4 4
4 5 4
5 6 6
6 7 4
7 8 4
8 9 6
9 10 4
10 11 4
11 12 6
12 13 4
13 14 4
14 0 6
O22
15 15
0 10
1 29
2 30
3 7
4 24
5 10
6 29
7 30
8 7
9 24
10 10
11 29
12 30
13 7
14 24
0 1 5
1 2 5
2 3 4
3 4 4
4 5 12
5 6 5
6 7 5
7 8 4
8 9 4
9 10 12
10 11 5
11 12 5
12 13 4
13 14 4
14 0 12
O15
12 12
0 15
1 11
2 2
3 15
4 11
5 2
6 15
7 11
8 2
9 15
10 11
11 2
0 1 4
1 2 4
2 3 6
3 4 4
4 5 4
5 6 6
6 7 4
7 8 4
8 9 6
9 10 4
10 11 4
11 0 6
O23 A
18 18
0 10
1 10
2 10
3 10
4 15
5 16
6 2
7 10
8 15
9 16
10 2
11 10
12 15
13 16
14 2
15 2
16 2
17 2
0 6 12
1 10 12
2 14 12
3 4 5
4 5 4
5 6 4
6 7 12
7 8 5
8 9 4
9 10 4
10 11 12
11 12 5
12 13 4
13 14 4
14 3 12
15 4 4
16 8 4
17 12 4
O15
3 3
0 15
1 11
2 2
0 1 4
1 2 4
2 0 6
O24
4 4
0 31
1 19
2 24
3 10
0 1 33
1 2 4
2 0 32
3 1 6
O15
3 3
0 15
1 11
2 2
0 1 4
1 2 4
2 0 6
O25
5 5
0 19
1 10
2 11
3 2
4 0
0 1 12
1 2 4
2 3 4
3 1 5
4 1 4
O15
3 3
0 15
1 11
2 2
0 1 4
1 2 4
2 0 6
O26
3 3
0 0
1 11
2 2
0 1 5
1 2 4
2 0 4
O15
3 3
0 15
1 11
2 2
0 1 4
1 2 4
2 0 6
O27
6 6
0 19
1 19
2 7
3 19
4 24
5 34
0 2 6
1 4 12
2 3 12
3 4 4
4 2 5
5 2 4
O15
12 12
0 15
1 11
2 2
3 15
4 11
5 2
6 15
7 11
8 2
9 15
10 11
11 2
0 1 4
1 2 4
2 3 6
3 4 4
4 5 4
5 6 6
6 7 4
7 8 4
8 9 6
9 10 4
10 11 4
11 0 6
O28 ab
12 12
0 19
1 35
2 2
3 18
4 19
5 35
6 2
7 18
8 19
9 35
10 2
11 18
0 1 4
1 2 36
2 3 4
3 4 4
4 5 4
5 6 36
6 7 4
7 8 4
8 9 4
9 10 36
10 11 4
11 0 4
O15
12 12
0 15
1 11
2 2
3 15
4 11
5 2
6 15
7 11
8 2
9 15
10 11
11 2
0 1 4
1 2 4
2 3 6
3 4 4
4 5 4
5 6 6
6 7 4
7 8 4
8 9 6
9 10 4
10 11 4
11 0 6
O28 ac
12 12
0 35
1 2
2 37
3 18
4 35
5 2
6 37
7 18
8 35
9 2
10 37
11 18
0 1 36
1 2 4
2 3 4
3 4 6
4 5 36
5 6 4
6 7 4
7 8 6
8 9 36
9 10 4
10 11 4
11 0 6
O15
12 12
0 15
1 11
2 2
3 15
4 11
5 2
6 15
7 11
8 2
9 15
10 11
11 2
0 1 4
1 2 4
2 3 6
3 4 4
4 5 4
5 6 6
6 7 4
7 8 4
8 9 6
9 10 4
10 11 4
11 0 6
O29
18 18
0 10
1 7
2 10
3 7
4 10
5 7
6 35
7 19
8 11
9 2
10 35
11 19
12 11
13 2
14 35
15 19
16 11
17 2
0 1 12
1 8 4
2 3 12
3 12 4
4 5 12
5 16 4
6 7 38
7 8 5
8 9 4
9 10 4
10 11 38
11 12 5
12 13 4
13 14 4
14 15 38
15 16 5
16 17 4
17 6 4
O15
3 3
0 15
1 11
2 2
0 1 4
1 2 4
2 0 6
O30
4 4
0 2
1 19
2 29
3 18
0 2 6
1 2 5
2 3 4
3 1 5
O15
15 15
0 15
1 11
2 2
3 15
4 11
5 2
6 15
7 11
8 2
9 15
10 11
11 2
12 15
13 11
14 2
0 1 4
1 2 4
2 3 6
3 4 4
4 5 4
5 6 6
6 7 4
7 8 4
8 9 6
9 10 4
10 11 4
11 12 6
12 13 4
13 14 4
14 0 6
O32
15 15
0 7
1 29
2 15
3 39
4 2
5 7
6 29
7 15
8 39
9 2
10 7
11 29
12 15
13 39
14 2
0 1 5
1 2 12
2 3 5
3 4 5
4 5 12
5 6 5
6 7 12
7 8 5
8 9 5
9 10 12
10 11 5
11 12 12
12 13 5
13 14 5
14 0 12
O15
15 15
0 15
1 11
2 2
3 15
4 11
5 2
6 15
7 11
8 2
9 15
10 11
11 2
12 15
13 11
14 2
0 1 4
1 2 4
2 3 6
3 4 4
4 5 4
5 6 6
6 7 4
7 8 4
8 9 6
9 10 4
10 11 4
11 12 6
12 13 4
13 14 4
14 0 6
O35
18 18
0 0
1 0
2 0
3 0
4 2
5 0
6 0
7 0
8 0
9 2
10 0
11 0
12 0
13 0
14 2
15 40
16 40
17 40
0 1 6
1 2 4
2 3 6
3 4 4
4 5 4
5 6 6
6 7 4
7 8 6
8 9 4
9 10 4
10 11 6
11 12 4
12 13 6
13 14 4
14 0 4
15 0 6
16 5 6
17 10 6
O15
3 3
0 15
1 11
2 2
0 1 4
1 2 4
2 0 6
O36
5 5
0 0
1 23
2 21
3 23
4 2
0 1 6
1 2 4
2 3 4
3 4 4
4 2 5
O15
12 12
0 15
1 11
2 2
3 15
4 11
5 2
6 15
7 11
8 2
9 15
10 11
11 2
0 1 4
1 2 4
2 3 6
3 4 4
4 5 4
5 6 6
6 7 4
7 8 4
8 9 6
9 10 4
10 11 4
11 0 6
O37
15 15
0 24
1 7
2 15
3 24
4 24
5 7
6 15
7 24
8 24
9 7
10 15
11 24
12 35
13 35
14 35
0 1 4
1 2 5
2 3 4
3 4 5
4 5 4
5 6 5
6 7 4
7 8 5
8 9 4
9 10 5
10 11 4
11 0 5
12 0 41
13 4 41
14 8 41
O15
12 12
0 15
1 11
2 2
3 15
4 11
5 2
6 15
7 11
8 2
9 15
10 11
11 2
0 1 4
1 2 4
2 3 6
3 4 4
4 5 4
5 6 6
6 7 4
7 8 4
8 9 6
9 10 4
10 11 4
11 0 6
O38
15 15
0 18
1 18
2 18
3 2
4 24
5 29
6 24
7 2
8 24
9 29
10 24
11 2
12 24
13 29
14 24
0 4 5
1 8 5
2 12 5
3 4 4
4 5 5
5 6 4
6 7 12
7 8 4
8 9 5
9 10 4
10 11 12
11 12 4
12 13 5
13 14 4
14 3 12
O15
12 12
0 15
1 11
2 2
3 15
4 11
5 2
6 15
7 11
8 2
9 15
10 11
11 2
0 1 4
1 2 4
2 3 6
3 4 4
4 5 4
5 6 6
6 7 4
7 8 4
8 9 6
9 10 4
10 11 4
11 0 6
O39
15 15
0 7
1 7
2 7
3 42
4 21
5 0
6 18
7 42
8 21
9 0
10 18
11 42
12 21
13 0
14 18
0 4 4
1 8 4
2 12 4
3 4 6
4 5 5
5 6 4
6 7 4
7 8 6
8 9 5
9 10 4
10 11 4
11 12 6
12 13 5
13 14 4
14 3 4
O15
12 12
0 15
1 11
2 2
3 15
4 11
5 2
6 15
7 11
8 2
9 15
10 11
11 2
0 1 4
1 2 4
2 3 6
3 4 4
4 5 4
5 6 6
6 7 4
7 8 4
8 9 6
9 10 4
10 11 4
11 0 6
O40
12 12
0 15
1 17
2 7
3 2
4 15
5 17
6 7
7 2
8 15
9 17
10 7
11 2
0 1 5
1 2 5
2 3 4
3 4 6
4 5 5
5 6 5
6 7 4
7 8 6
8 9 5
9 10 5
10 11 4
11 0 6
O15
15 15
0 15
1 11
2 2
3 15
4 11
5 2
6 15
7 11
8 2
9 15
10 11
11 2
12 15
13 11
14 2
0 1 4
1 2 4
2 3 6
3 4 4
4 5 4
5 6 6
6 7 4
7 8 4
8 9 6
9 10 4
10 11 4
11 12 6
12 13 4
13 14 4
14 0 6
O41
18 18
0 19
1 19
2 19
3 7
4 23
5 2
6 23
7 2
8 7
9 23
10 2
11 23
12 2
13 7
14 23
15 2
16 23
17 2
0 4 5
1 9 5
2 14 5
3 4 4
4 5 5
5 6 4
6 7 4
7 8 4
8 9 4
9 10 5
10 11 4
11 12 4
12 13 4
13 14 4
14 15 5
15 16 4
16 17 4
17 3 4
O15
12 12
0 15
1 11
2 2
3 15
4 11
5 2
6 15
7 11
8 2
9 15
10 11
11 2
0 1 4
1 2 4
2 3 6
3 4 4
4 5 4
5 6 6
6 7 4
7 8 4
8 9 6
9 10 4
10 11 4
11 0 6
O42
15 15
0 35
1 2
2 37
3 18
4 35
5 2
6 37
7 18
8 35
9 2
10 37
11 18
12 10
13 10
14 10
0 1 36
1 2 4
2 3 4
3 4 6
4 5 36
5 6 4
6 7 4
7 8 6
8 9 36
9 10 4
10 11 4
11 0 6
12 1 4
13 5 4
14 9 4
O15
12 12
0 15
1 11
2 2
3 15
4 11
5 2
6 15
7 11
8 2
9 15
10 11
11 2
0 1 4
1 2 4
2 3 6
3 4 4
4 5 4
5 6 6
6 7 4
7 8 4
8 9 6
9 10 4
10 11 4
11 0 6
O43
15 15
0 23
1 23
2 23
3 43
4 21
5 23
6 24
7 43
8 21
9 23
10 24
11 43
12 21
13 23
14 24
0 3 4
1 7 4
2 11 4
3 4 4
4 5 4
5 6 4
6 7 5
7 8 4
8 9 4
9 10 4
10 11 5
11 12 4
12 13 4
13 14 4
14 3 5
O15
12 12
0 15
1 11
2 2
3 15
4 11
5 2
6 15
7 11
8 2
9 15
10 11
11 2
0 1 4
1 2 4
2 3 6
3 4 4
4 5 4
5 6 6
6 7 4
7 8 4
8 9 6
9 10 4
10 11 4
11 0 6
O44
15 15
0 10
1 10
2 10
3 21
4 21
5 17
6 18
7 21
8 21
9 17
10 18
11 21
12 21
13 17
14 18
0 5 5
1 9 5
2 13 5
3 4 6
4 5 6
5 6 4
6 7 12
7 8 6
8 9 6
9 10 4
10 11 12
11 12 6
12 13 6
13 14 4
14 3 12
O15
3 3
0 15
1 11
2 2
0 1 4
1 2 4
2 0 6
O45
3 3
0 19
1 44
2 45
0 1 4
1 2 4
2 0 6
O15
3 3
0 15
1 11
2 2
0 1 4
1 2 4
2 0 6
O45 rel
3 3
0 19
1 44
2 2
0 1 4
1 2 4
2 0 6
O15
12 12
0 15
1 11
2 2
3 15
4 11
5 2
6 15
7 11
8 2
9 15
10 11
11 2
0 1 4
1 2 4
2 3 6
3 4 4
4 5 4
5 6 6
6 7 4
7 8 4
8 9 6
9 10 4
10 11 4
11 0 6
O46
12 12
0 46
1 15
2 19
3 24
4 46
5 15
6 19
7 24
8 46
9 15
10 19
11 24
0 1 12
1 2 12
2 3 4
3 4 5
4 5 12
5 6 12
6 7 4
7 8 5
8 9 12
9 10 12
10 11 4
11 0 5
O15
12 12
0 15
1 11
2 2
3 15
4 11
5 2
6 15
7 11
8 2
9 15
10 11
11 2
0 1 4
1 2 4
2 3 6
3 4 4
4 5 4
5 6 6
6 7 4
7 8 4
8 9 6
9 10 4
10 11 4
11 0 6
O48
15 15
0 24
1 7
2 0
3 2
4 24
5 7
6 0
7 2
8 24
9 7
10 0
11 2
12 47
13 47
14 47
0 1 4
1 2 5
2 3 4
3 4 5
4 5 4
5 6 5
6 7 4
7 8 5
8 9 4
9 10 5
10 11 4
11 0 5
12 0 4
13 4 4
14 8 4
O15
12 12
0 15
1 11
2 2
3 15
4 11
5 2
6 15
7 11
8 2
9 15
10 11
11 2
0 1 4
1 2 4
2 3 6
3 4 4
4 5 4
5 6 6
6 7 4
7 8 4
8 9 6
9 10 4
10 11 4
11 0 6
O49
12 12
0 48
1 24
2 0
3 49
4 48
5 24
6 0
7 49
8 48
9 24
10 0
11 49
0 1 5
1 2 5
2 3 4
3 4 6
4 5 5
5 6 5
6 7 4
7 8 6
8 9 5
9 10 5
10 11 4
11 0 6
O15
6 6
0 15
1 11
2 2
3 15
4 11
5 2
0 1 4
1 2 4
2 3 6
3 4 4
4 5 4
5 0 6
O52
6 6
0 50
1 51
2 50
3 51
4 50
5 51
0 1 4
1 2 4
2 3 4
3 4 4
4 5 4
5 0 4
O15
12 12
0 15
1 11
2 2
3 15
4 11
5 2
6 15
7 11
8 2
9 15
10 11
11 2
0 1 4
1 2 4
2 3 6
3 4 4
4 5 4
5 6 6
6 7 4
7 8 4
8 9 6
9 10 4
10 11 4
11 0 6
O53
15 15
0 10
1 10
2 10
3 0
4 29
5 1
6 2
7 0
8 29
9 1
10 2
11 0
12 29
13 1
14 2
0 3 6
1 7 6
2 11 6
3 4 5
4 5 4
5 6 5
6 7 4
7 8 5
8 9 4
9 10 5
10 11 4
11 12 5
12 13 4
13 14 5
14 3 4
O15
3 3
0 15
1 11
2 2
0 1 4
1 2 4
2 0 6
O55
5 5
0 2
1 7
2 24
3 52
4 15
0 1 4
1 2 4
2 0 12
3 4 6
4 0 4
O15
3 3
0 15
1 11
2 2
0 1 4
1 2 4
2 0 6
O56
4 4
0 31
1 19
2 2
3 7
0 1 33
1 2 4
2 0 32
3 1 6
O15
3 3
0 15
1 11
2 2
0 1 4
1 2 4
2 0 6
O58
4 4
0 17
1 21
2 2
3 53
0 1 5
1 2 4
2 0 5
3 0 4
O15
12 12
0 15
1 11
2 2
3 15
4 11
5 2
6 15
7 11
8 2
9 15
10 11
11 2
0 1 4
1 2 4
2 3 6
3 4 4
4 5 4
5 6 6
6 7 4
7 8 4
8 9 6
9 10 4
10 11 4
11 0 6
O59
15 15
0 47
1 47
2 47
3 21
4 21
5 17
6 18
7 21
8 21
9 17
10 18
11 21
12 21
13 17
14 18
0 3 4
1 7 4
2 11 4
3 4 4
4 5 4
5 6 4
6 7 12
7 8 4
8 9 4
9 10 4
10 11 12
11 12 4
12 13 4
13 14 4
14 3 12
O15
3 3
0 15
1 11
2 2
0 1 4
1 2 4
2 0 6
O61
3 3
0 54
1 19
2 16
0 1 55
1 2 4
2 0 5
O15
3 3
0 15
1 11
2 2
0 1 4
1 2 4
2 0 6
O62
5 5
0 10
1 25
2 25
3 25
4 10
0 1 6
1 2 56
2 3 4
3 1 56
4 2 6
O15
12 12
0 15
1 11
2 2
3 15
4 11
5 2
6 15
7 11
8 2
9 15
10 11
11 2
0 1 4
1 2 4
2 3 6
3 4 4
4 5 4
5 6 6
6 7 4
7 8 4
8 9 6
9 10 4
10 11 4
11 0 6
O64
15 15
0 15
1 15
2 15
3 57
4 29
5 15
6 2
7 57
8 29
9 15
10 2
11 57
12 29
13 15
14 2
0 5 12
1 9 12
2 13 12
3 4 4
4 5 4
5 6 4
6 7 4
7 8 4
8 9 4
9 10 4
10 11 4
11 12 4
12 13 4
13 14 4
14 3 4
O15
15 15
0 15
1 11
2 2
3 15
4 11
5 2
6 15
7 11
8 2
9 15
10 11
11 2
12 15
13 11
14 2
0 1 4
1 2 4
2 3 6
3 4 4
4 5 4
5 6 6
6 7 4
7 8 4
8 9 6
9 10 4
10 11 4
11 12 6
12 13 4
13 14 4
14 0 6
O65
15 15
0 13
1 58
2 16
3 59
4 18
5 13
6 58
7 16
8 59
9 18
10 13
11 58
12 16
13 59
14 18
0 1 5
1 2 5
2 3 5
3 4 4
4 5 6
5 6 5
6 7 5
7 8 5
8 9 4
9 10 6
10 11 5
11 12 5
12 13 5
13 14 4
14 0 6
O15
15 15
0 15
1 11
2 2
3 15
4 11
5 2
6 15
7 11
8 2
9 15
10 11
11 2
12 15
13 11
14 2
0 1 4
1 2 4
2 3 6
3 4 4
4 5 4
5 6 6
6 7 4
7 8 4
8 9 6
9 10 4
10 11 4
11 12 6
12 13 4
13 14 4
14 0 6
O66
15 15
0 60
1 61
2 18
3 17
4 18
5 60
6 61
7 18
8 17
9 18
10 60
11 61
12 18
13 17
14 18
0 1 4
1 2 4
2 3 6
3 4 4
4 5 6
5 6 4
6 7 4
7 8 6
8 9 4
9 10 6
10 11 4
11 12 4
12 13 6
13 14 4
14 0 6
O15
15 15
0 15
1 11
2 2
3 15
4 11
5 2
6 15
7 11
8 2
9 15
10 11
11 2
12 15
13 11
14 2
0 1 4
1 2 4
2 3 6
3 4 4
4 5 4
5 6 6
6 7 4
7 8 4
8 9 6
9 10 4
10 11 4
11 12 6
12 13 4
13 14 4
14 0 6
O68
21 21
0 0
1 0
2 0
3 21
4 21
5 21
6 17
7 18
8 21
9 21
10 21
11 17
12 18
13 21
14 21
15 21
16 17
17 18
18 10
19 10
20 10
0 3 4
1 8 4
2 13 4
3 4 6
4 5 6
5 6 6
6 7 4
7 8 12
8 9 6
9 10 6
10 11 6
11 12 4
12 13 12
13 14 6
14 15 6
15 16 6
16 17 4
17 3 12
18 4 4
19 9 4
20 14 4
O15
15 15
0 15
1 11
2 2
3 15
4 11
5 2
6 15
7 11
8 2
9 15
10 11
11 2
12 15
13 11
14 2
0 1 4
1 2 4
2 3 6
3 4 4
4 5 4
5 6 6
6 7 4
7 8 4
8 9 6
9 10 4
10 11 4
11 12 6
12 13 4
13 14 4
14 0 6
O69
15 15
0 62
1 0
2 0
3 7
4 18
5 62
6 0
7 0
8 7
9 18
10 62
11 0
12 0
13 7
14 18
0 1 6
1 2 6
2 3 6
3 4 4
4 5 4
5 6 6
6 7 6
7 8 6
8 9 4
9 10 4
10 11 6
11 12 6
12 13 6
13 14 4
14 0 4
O15
12 12
0 15
1 11
2 2
3 15
4 11
5 2
6 15
7 11
8 2
9 15
10 11
11 2
0 1 4
1 2 4
2 3 6
3 4 4
4 5 4
5 6 6
6 7 4
7 8 4
8 9 6
9 10 4
10 11 4
11 0 6
O70
15 15
0 13
1 63
2 15
3 16
4 13
5 63
6 15
7 16
8 13
9 63
10 15
11 16
12 10
13 10
14 10
0 1 4
1 2 4
2 3 4
3 4 5
4 5 4
5 6 4
6 7 4
7 8 5
8 9 4
9 10 4
10 11 4
11 0 5
12 3 5
13 7 5
14 11 5
O15
12 12
0 15
1 11
2 2
3 15
4 11
5 2
6 15
7 11
8 2
9 15
10 11
11 2
0 1 4
1 2 4
2 3 6
3 4 4
4 5 4
5 6 6
6 7 4
7 8 4
8 9 6
9 10 4
10 11 4
11 0 6
O71
12 12
0 64
1 0
2 15
3 16
4 64
5 0
6 15
7 16
8 64
9 0
10 15
11 16
0 1 4
1 2 5
2 3 4
3 4 5
4 5 4
5 6 5
6 7 4
7 8 5
8 9 4
9 10 5
10 11 4
11 0 5
O15
12 12
0 15
1 11
2 2
3 15
4 11
5 2
6 15
7 11
8 2
9 15
10 11
11 2
0 1 4
1 2 4
2 3 6
3 4 4
4 5 4
5 6 6
6 7 4
7 8 4
8 9 6
9 10 4
10 11 4
11 0 6
O73
18 18
0 10
1 10
2 10
3 21
4 21
5 17
6 18
7 21
8 21
9 17
10 18
11 21
12 21
13 17
14 18
15 10
16 10
17 10
0 4 5
1 8 5
2 12 5
3 4 6
4 5 6
5 6 4
6 7 12
7 8 6
8 9 6
9 10 4
10 11 12
11 12 6
12 13 6
13 14 4
14 3 12
15 5 4
16 9 4
17 13 4
O15
12 12
0 15
1 11
2 2
3 15
4 11
5 2
6 15
7 11
8 2
9 15
10 11
11 2
0 1 4
1 2 4
2 3 6
3 4 4
4 5 4
5 6 6
6 7 4
7 8 4
8 9 6
9 10 4
10 11 4
11 0 6
O73 ab
15 15
0 10
1 10
2 10
3 21
4 21
5 17
6 16
7 21
8 21
9 17
10 16
11 21
12 21
13 17
14 16
0 5 4
1 9 4
2 13 4
3 4 6
4 5 6
5 6 4
6 7 5
7 8 6
8 9 6
9 10 4
10 11 5
11 12 6
12 13 6
13 14 4
14 3 5
O15
3 3
0 15
1 11
2 2
0 1 4
1 2 4
2 0 6
O74
4 4
0 18
1 59
2 2
3 65
0 1 5
1 2 4
2 0 12
3 0 4
O15
3 3
0 15
1 11
2 2
0 1 4
1 2 4
2 0 6
O75
4 4
0 17
1 7
2 0
3 2
0 1 5
1 2 5
2 3 4
3 1 4
O15
12 12
0 15
1 11
2 2
3 15
4 11
5 2
6 15
7 11
8 2
9 15
10 11
11 2
0 1 4
1 2 4
2 3 6
3 4 4
4 5 4
5 6 6
6 7 4
7 8 4
8 9 6
9 10 4
10 11 4
11 0 6
O76
12 12
0 29
1 30
2 16
3 24
4 29
5 30
6 16
7 24
8 29
9 30
10 16
11 24
0 1 5
1 2 5
2 3 4
3 4 5
4 5 5
5 6 5
6 7 4
7 8 5
8 9 5
9 10 5
10 11 4
11 0 5
O15
12 12
0 15
1 11
2 2
3 15
4 11
5 2
6 15
7 11
8 2
9 15
10 11
11 2
0 1 4
1 2 4
2 3 6
3 4 4
4 5 4
5 6 6
6 7 4
7 8 4
8 9 6
9 10 4
10 11 4
11 0 6
O77
12 12
0 21
1 21
2 17
3 18
4 21
5 21
6 17
7 18
8 21
9 21
10 17
11 18
0 1 6
1 2 6
2 3 4
3 4 12
4 5 6
5 6 6
6 7 4
7 8 12
8 9 6
9 10 6
10 11 4
11 0 12
