200
O130
5 5
0 99
1 24
2 7
3 19
4 24
0 1 100
1 2 4
2 3 12
3 4 4
4 2 5
O161
3 3
0 110
1 29
2 2
0 1 55
1 2 4
2 0 101
O130
20 20
0 99
1 24
2 99
3 24
4 99
5 24
6 99
7 24
8 7
9 19
10 24
11 7
12 19
13 24
14 7
15 19
16 24
17 7
18 19
19 24
0 1 100
1 8 4
2 3 100
3 11 4
4 5 100
5 14 4
6 7 100
7 17 4
8 9 12
9 10 4
10 11 5
11 12 12
12 13 4
13 14 5
14 15 12
15 16 4
16 17 5
17 18 12
18 19 4
19 8 5
O163
12 12
0 17
1 29
2 77
3 18
4 17
5 29
6 77
7 18
8 17
9 29
10 77
11 18
0 1 5
1 2 4
2 3 4
3 4 6
4 5 5
5 6 4
6 7 4
7 8 6
8 9 5
9 10 4
10 11 4
11 0 6
O130
5 5
0 99
1 24
2 7
3 19
4 24
0 1 100
1 2 4
2 3 12
3 4 4
4 2 5
O164
5 5
0 19
1 10
2 15
3 25
4 24
0 1 12
1 2 5
2 3 12
3 4 4
4 2 4
O130
20 20
0 99
1 24
2 99
3 24
4 99
5 24
6 99
7 24
8 7
9 19
10 24
11 7
12 19
13 24
14 7
15 19
16 24
17 7
18 19
19 24
0 1 100
1 8 4
2 3 100
3 11 4
4 5 100
5 14 4
6 7 100
7 17 4
8 9 12
9 10 4
10 11 5
11 12 12
12 13 4
13 14 5
14 15 12
15 16 4
16 17 5
17 18 12
18 19 4
19 8 5
O165
12 12
0 111
1 15
2 19
3 18
4 111
5 15
6 19
7 18
8 111
9 15
10 19
11 18
0 1 83
1 2 5
2 3 4
3 4 101
4 5 83
5 6 5
6 7 4
7 8 101
8 9 83
9 10 5
10 11 4
11 0 101
O130
20 20
0 99
1 24
2 99
3 24
4 99
5 24
6 99
7 24
8 7
9 19
10 24
11 7
12 19
13 24
14 7
15 19
16 24
17 7
18 19
19 24
0 1 100
1 8 4
2 3 100
3 11 4
4 5 100
5 14 4
6 7 100
7 17 4
8 9 12
9 10 4
10 11 5
11 12 12
12 13 4
13 14 5
14 15 12
15 16 4
16 17 5
17 18 12
18 19 4
19 8 5
O166
15 15
0 7
1 7
2 16
3 24
4 7
5 7
6 16
7 24
8 7
9 7
10 16
11 24
12 19
13 19
14 19
0 1 12
1 2 5
2 3 4
3 4 4
4 5 12
5 6 5
6 7 4
7 8 4
8 9 12
9 10 5
10 11 4
11 0 4
12 2 4
13 6 4
14 10 4
O130
25 25
0 99
1 24
2 99
3 24
4 99
5 24
6 99
7 24
8 99
9 24
10 7
11 19
12 24
13 7
14 19
15 24
16 7
17 19
18 24
19 7
20 19
21 24
22 7
23 19
24 24
0 1 100
1 10 4
2 3 100
3 13 4
4 5 100
5 16 4
6 7 100
7 19 4
8 9 100
9 22 4
10 11 12
11 12 4
12 13 5
13 14 12
14 15 4
15 16 5
16 17 12
17 18 4
18 19 5
19 20 12
20 21 4
21 22 5
22 23 12
23 24 4
24 10 5
O167
18 18
0 69
1 69
2 69
3 112
4 18
5 25
6 25
7 2
8 112
9 18
10 25
11 25
12 2
13 112
14 18
15 25
16 25
17 2
0 3 5
1 8 5
2 13 5
3 4 4
4 5 6
5 6 56
6 7 4
7 8 6
8 9 4
9 10 6
10 11 56
11 12 4
12 13 6
13 14 4
14 15 6
15 16 56
16 17 4
17 3 6
O130
20 20
0 99
1 24
2 99
3 24
4 99
5 24
6 99
7 24
8 7
9 19
10 24
11 7
12 19
13 24
14 7
15 19
16 24
17 7
18 19
19 24
0 1 100
1 8 4
2 3 100
3 11 4
4 5 100
5 14 4
6 7 100
7 17 4
8 9 12
9 10 4
10 11 5
11 12 12
12 13 4
13 14 5
14 15 12
15 16 4
16 17 5
17 18 12
18 19 4
19 8 5
O168
15 15
0 23
1 23
2 23
3 18
4 74
5 23
6 2
7 18
8 74
9 23
10 2
11 18
12 74
13 23
14 2
0 3 4
1 7 4
2 11 4
3 4 5
4 5 4
5 6 4
6 7 5
7 8 5
8 9 4
9 10 4
10 11 5
11 12 5
12 13 4
13 14 4
14 3 5
O130
20 20
0 99
1 24
2 99
3 24
4 99
5 24
6 99
7 24
8 7
9 19
10 24
11 7
12 19
13 24
14 7
15 19
16 24
17 7
18 19
19 24
0 1 100
1 8 4
2 3 100
3 11 4
4 5 100
5 14 4
6 7 100
7 17 4
8 9 12
9 10 4
10 11 5
11 12 12
12 13 4
13 14 5
14 15 12
15 16 4
16 17 5
17 18 12
18 19 4
19 8 5
O169
18 18
0 19
1 19
2 19
3 7
4 21
5 21
6 24
7 7
8 21
9 21
10 24
11 7
12 21
13 21
14 24
15 29
16 29
17 29
0 3 12
1 7 12
2 11 12
3 4 12
4 5 6
5 6 4
6 7 4
7 8 12
8 9 6
9 10 4
10 11 4
11 12 12
12 13 6
13 14 4
14 3 4
15 3 5
16 7 5
17 11 5
O130
20 20
0 99
1 24
2 99
3 24
4 99
5 24
6 99
7 24
8 7
9 19
10 24
11 7
12 19
13 24
14 7
15 19
16 24
17 7
18 19
19 24
0 1 100
1 8 4
2 3 100
3 11 4
4 5 100
5 14 4
6 7 100
7 17 4
8 9 12
9 10 4
10 11 5
11 12 12
12 13 4
13 14 5
14 15 12
15 16 4
16 17 5
17 18 12
18 19 4
19 8 5
O170
15 15
0 2
1 29
2 25
3 2
4 2
5 29
6 25
7 2
8 2
9 29
10 25
11 2
12 25
13 25
14 25
0 1 5
1 2 4
2 3 4
3 4 5
4 5 5
5 6 4
6 7 4
7 8 5
8 9 5
9 10 4
10 11 4
11 0 5
12 0 4
13 4 4
14 8 4
O130
25 25
0 99
1 24
2 99
3 24
4 99
5 24
6 99
7 24
8 99
9 24
10 7
11 19
12 24
13 7
14 19
15 24
16 7
17 19
18 24
19 7
20 19
21 24
22 7
23 19
24 24
0 1 100
1 10 4
2 3 100
3 13 4
4 5 100
5 16 4
6 7 100
7 19 4
8 9 100
9 22 4
10 11 12
11 12 4
12 13 5
13 14 12
14 15 4
15 16 5
16 17 12
17 18 4
18 19 5
19 20 12
20 21 4
21 22 5
22 23 12
23 24 4
24 10 5
O171
15 15
0 81
1 15
2 19
3 15
4 24
5 81
6 15
7 19
8 15
9 24
10 81
11 15
12 19
13 15
14 24
0 1 83
1 2 12
2 3 4
3 4 4
4 5 5
5 6 83
6 7 12
7 8 4
8 9 4
9 10 5
10 11 83
11 12 12
12 13 4
13 14 4
14 0 5
O130
25 25
0 99
1 24
2 99
3 24
4 99
5 24
6 99
7 24
8 99
9 24
10 7
11 19
12 24
13 7
14 19
15 24
16 7
17 19
18 24
19 7
20 19
21 24
22 7
23 19
24 24
0 1 100
1 10 4
2 3 100
3 13 4
4 5 100
5 16 4
6 7 100
7 19 4
8 9 100
9 22 4
10 11 12
11 12 4
12 13 5
13 14 12
14 15 4
15 16 5
16 17 12
17 18 4
18 19 5
19 20 12
20 21 4
21 22 5
22 23 12
23 24 4
24 10 5
O172
15 15
0 11
1 113
2 10
3 11
4 18
5 11
6 113
7 10
8 11
9 18
10 11
11 113
12 10
13 11
14 18
0 1 5
1 2 114
2 3 4
3 4 4
4 5 4
5 6 5
6 7 114
7 8 4
8 9 4
9 10 4
10 11 5
11 12 114
12 13 4
13 14 4
14 0 4
O130
20 20
0 99
1 24
2 99
3 24
4 99
5 24
6 99
7 24
8 7
9 19
10 24
11 7
12 19
13 24
14 7
15 19
16 24
17 7
18 19
19 24
0 1 100
1 8 4
2 3 100
3 11 4
4 5 100
5 14 4
6 7 100
7 17 4
8 9 12
9 10 4
10 11 5
11 12 12
12 13 4
13 14 5
14 15 12
15 16 4
16 17 5
17 18 12
18 19 4
19 8 5
O173
15 15
0 23
1 23
2 23
3 10
4 10
5 19
6 2
7 10
8 10
9 19
10 2
11 10
12 10
13 19
14 2
0 3 5
1 7 5
2 11 5
3 4 107
4 5 6
5 6 4
6 7 4
7 8 107
8 9 6
9 10 4
10 11 4
11 12 107
12 13 6
13 14 4
14 3 4
O130
5 5
0 99
1 24
2 7
3 19
4 24
0 1 100
1 2 4
2 3 12
3 4 4
4 2 5
O174 ab
4 4
0 2
1 29
2 15
3 24
0 1 6
1 2 4
2 3 4
3 1 5
O130
5 5
0 99
1 24
2 7
3 19
4 24
0 1 100
1 2 4
2 3 12
3 4 4
4 2 5
O174 ac
4 4
0 2
1 29
2 15
3 2
0 1 6
1 2 4
2 3 4
3 1 5
O130
25 25
0 99
1 24
2 99
3 24
4 99
5 24
6 99
7 24
8 99
9 24
10 7
11 19
12 24
13 7
14 19
15 24
16 7
17 19
18 24
19 7
20 19
21 24
22 7
23 19
24 24
0 1 100
1 10 4
2 3 100
3 13 4
4 5 100
5 16 4
6 7 100
7 19 4
8 9 100
9 22 4
10 11 12
11 12 4
12 13 5
13 14 12
14 15 4
15 16 5
16 17 12
17 18 4
18 19 5
19 20 12
20 21 4
21 22 5
22 23 12
23 24 4
24 10 5
O175
15 15
0 10
1 74
2 21
3 21
4 24
5 10
6 74
7 21
8 21
9 24
10 10
11 74
12 21
13 21
14 24
0 1 5
1 2 4
2 3 6
3 4 4
4 5 6
5 6 5
6 7 4
7 8 6
8 9 4
9 10 6
10 11 5
11 12 4
12 13 6
13 14 4
14 0 6
O130
20 20
0 99
1 24
2 99
3 24
4 99
5 24
6 99
7 24
8 7
9 19
10 24
11 7
12 19
13 24
14 7
15 19
16 24
17 7
18 19
19 24
0 1 100
1 8 4
2 3 100
3 11 4
4 5 100
5 14 4
6 7 100
7 17 4
8 9 12
9 10 4
10 11 5
11 12 12
12 13 4
13 14 5
14 15 12
15 16 4
16 17 5
17 18 12
18 19 4
19 8 5
O176
12 12
0 21
1 21
2 17
3 16
4 21
5 21
6 17
7 16
8 21
9 21
10 17
11 16
0 1 6
1 2 6
2 3 4
3 4 5
4 5 6
5 6 6
6 7 4
7 8 5
8 9 6
9 10 6
10 11 4
11 0 5
O130
20 20
0 99
1 24
2 99
3 24
4 99
5 24
6 99
7 24
8 7
9 19
10 24
11 7
12 19
13 24
14 7
15 19
16 24
17 7
18 19
19 24
0 1 100
1 8 4
2 3 100
3 11 4
4 5 100
5 14 4
6 7 100
7 17 4
8 9 12
9 10 4
10 11 5
11 12 12
12 13 4
13 14 5
14 15 12
15 16 4
16 17 5
17 18 12
18 19 4
19 8 5
O177
12 12
0 0
1 11
2 11
3 2
4 0
5 11
6 11
7 2
8 0
9 11
10 11
11 2
0 1 4
1 2 4
2 3 4
3 4 6
4 5 4
5 6 4
6 7 4
7 8 6
8 9 4
9 10 4
10 11 4
11 0 6
O130
25 25
0 99
1 24
2 99
3 24
4 99
5 24
6 99
7 24
8 99
9 24
10 7
11 19
12 24
13 7
14 19
15 24
16 7
17 19
18 24
19 7
20 19
21 24
22 7
23 19
24 24
0 1 100
1 10 4
2 3 100
3 13 4
4 5 100
5 16 4
6 7 100
7 19 4
8 9 100
9 22 4
10 11 12
11 12 4
12 13 5
13 14 12
14 15 4
15 16 5
16 17 12
17 18 4
18 19 5
19 20 12
20 21 4
21 22 5
22 23 12
23 24 4
24 10 5
O178
15 15
0 18
1 47
2 14
3 15
4 24
5 18
6 47
7 14
8 15
9 24
10 18
11 47
12 14
13 15
14 24
0 1 5
1 2 6
2 3 5
3 4 4
4 5 5
5 6 5
6 7 6
7 8 5
8 9 4
9 10 5
10 11 5
11 12 6
12 13 5
13 14 4
14 0 5
O130
20 20
0 99
1 24
2 99
3 24
4 99
5 24
6 99
7 24
8 7
9 19
10 24
11 7
12 19
13 24
14 7
15 19
16 24
17 7
18 19
19 24
0 1 100
1 8 4
2 3 100
3 11 4
4 5 100
5 14 4
6 7 100
7 17 4
8 9 12
9 10 4
10 11 5
11 12 12
12 13 4
13 14 5
14 15 12
15 16 4
16 17 5
17 18 12
18 19 4
19 8 5
O180
12 12
0 115
1 0
2 1
3 18
4 115
5 0
6 1
7 18
8 115
9 0
10 1
11 18
0 1 6
1 2 4
2 3 5
3 4 5
4 5 6
5 6 4
6 7 5
7 8 5
8 9 6
9 10 4
10 11 5
11 0 5
O130
20 20
0 99
1 24
2 99
3 24
4 99
5 24
6 99
7 24
8 7
9 19
10 24
11 7
12 19
13 24
14 7
15 19
16 24
17 7
18 19
19 24
0 1 100
1 8 4
2 3 100
3 11 4
4 5 100
5 14 4
6 7 100
7 17 4
8 9 12
9 10 4
10 11 5
11 12 12
12 13 4
13 14 5
14 15 12
15 16 4
16 17 5
17 18 12
18 19 4
19 8 5
O181
15 15
0 77
1 77
2 77
3 116
4 10
5 77
6 2
7 116
8 10
9 77
10 2
11 116
12 10
13 77
14 2
0 3 4
1 7 4
2 11 4
3 4 12
4 5 114
5 6 4
6 7 5
7 8 12
8 9 114
9 10 4
10 11 5
11 12 12
12 13 114
13 14 4
14 3 5
O130
5 5
0 99
1 24
2 7
3 19
4 24
0 1 100
1 2 4
2 3 12
3 4 4
4 2 5
O182
4 4
0 2
1 29
2 2
3 117
0 1 5
1 2 4
2 0 5
3 0 4
O130
20 20
0 99
1 24
2 99
3 24
4 99
5 24
6 99
7 24
8 7
9 19
10 24
11 7
12 19
13 24
14 7
15 19
16 24
17 7
18 19
19 24
0 1 100
1 8 4
2 3 100
3 11 4
4 5 100
5 14 4
6 7 100
7 17 4
8 9 12
9 10 4
10 11 5
11 12 12
12 13 4
13 14 5
14 15 12
15 16 4
16 17 5
17 18 12
18 19 4
19 8 5
O183
18 18
0 14
1 29
2 14
3 29
4 14
5 29
6 15
7 21
8 21
9 24
10 15
11 21
12 21
13 24
14 15
15 21
16 21
17 24
0 1 5
1 6 5
2 3 5
3 10 5
4 5 5
5 14 5
6 7 12
7 8 6
8 9 4
9 10 4
10 11 12
11 12 6
12 13 4
13 14 4
14 15 12
15 16 6
16 17 4
17 6 4
O130
20 20
0 99
1 24
2 99
3 24
4 99
5 24
6 99
7 24
8 7
9 19
10 24
11 7
12 19
13 24
14 7
15 19
16 24
17 7
18 19
19 24
0 1 100
1 8 4
2 3 100
3 11 4
4 5 100
5 14 4
6 7 100
7 17 4
8 9 12
9 10 4
10 11 5
11 12 12
12 13 4
13 14 5
14 15 12
15 16 4
16 17 5
17 18 12
18 19 4
19 8 5
O184
12 12
0 118
1 103
2 23
3 16
4 118
5 103
6 23
7 16
8 118
9 103
10 23
11 16
0 1 4
1 2 4
2 3 4
3 4 6
4 5 4
5 6 4
6 7 4
7 8 6
8 9 4
9 10 4
10 11 4
11 0 6
O130
25 25
0 99
1 24
2 99
3 24
4 99
5 24
6 99
7 24
8 99
9 24
10 7
11 19
12 24
13 7
14 19
15 24
16 7
17 19
18 24
19 7
20 19
21 24
22 7
23 19
24 24
0 1 100
1 10 4
2 3 100
3 13 4
4 5 100
5 16 4
6 7 100
7 19 4
8 9 100
9 22 4
10 11 12
11 12 4
12 13 5
13 14 12
14 15 4
15 16 5
16 17 12
17 18 4
18 19 5
19 20 12
20 21 4
21 22 5
22 23 12
23 24 4
24 10 5
O185
15 15
0 24
1 29
2 14
3 15
4 16
5 24
6 29
7 14
8 15
9 16
10 24
11 29
12 14
13 15
14 16
0 1 6
1 2 4
2 3 5
3 4 4
4 5 5
5 6 6
6 7 4
7 8 5
8 9 4
9 10 5
10 11 6
11 12 4
12 13 5
13 14 4
14 0 5
O130
20 20
0 99
1 24
2 99
3 24
4 99
5 24
6 99
7 24
8 7
9 19
10 24
11 7
12 19
13 24
14 7
15 19
16 24
17 7
18 19
19 24
0 1 100
1 8 4
2 3 100
3 11 4
4 5 100
5 14 4
6 7 100
7 17 4
8 9 12
9 10 4
10 11 5
11 12 12
12 13 4
13 14 5
14 15 12
15 16 4
16 17 5
17 18 12
18 19 4
19 8 5
O186
12 12
0 95
1 10
2 77
3 28
4 95
5 10
6 77
7 28
8 95
9 10
10 77
11 28
0 1 12
1 2 4
2 3 4
3 4 4
4 5 12
5 6 4
6 7 4
7 8 4
8 9 12
9 10 4
10 11 4
11 0 4
O130
10 10
0 99
1 24
2 99
3 24
4 7
5 19
6 24
7 7
8 19
9 24
0 1 100
1 4 4
2 3 100
3 7 4
4 5 12
5 6 4
6 7 5
7 8 12
8 9 4
9 4 5
O187
6 6
0 65
1 18
2 29
3 21
4 21
5 2
0 1 4
1 2 5
2 3 4
3 4 6
4 5 4
5 0 6
O131
20 20
0 31
1 15
2 15
3 24
4 31
5 15
6 15
7 24
8 31
9 15
10 15
11 24
12 31
13 15
14 15
15 24
16 31
17 15
18 15
19 24
0 1 83
1 2 12
2 3 4
3 4 101
4 5 83
5 6 12
6 7 4
7 8 101
8 9 83
9 10 12
10 11 4
11 12 101
12 13 83
13 14 12
14 15 4
15 16 101
16 17 83
17 18 12
18 19 4
19 0 101
O132
20 20
0 69
1 26
2 10
3 0
4 2
5 69
6 26
7 10
8 0
9 2
10 69
11 26
12 10
13 0
14 2
15 69
16 26
17 10
18 0
19 2
0 1 4
1 2 5
2 3 6
3 4 4
4 5 6
5 6 4
6 7 5
7 8 6
8 9 4
9 10 6
10 11 4
11 12 5
12 13 6
13 14 4
14 15 6
15 16 4
16 17 5
17 18 6
18 19 4
19 0 6
O131
20 20
0 31
1 15
2 15
3 24
4 31
5 15
6 15
7 24
8 31
9 15
10 15
11 24
12 31
13 15
14 15
15 24
16 31
17 15
18 15
19 24
0 1 83
1 2 12
2 3 4
3 4 101
4 5 83
5 6 12
6 7 4
7 8 101
8 9 83
9 10 12
10 11 4
11 12 101
12 13 83
13 14 12
14 15 4
15 16 101
16 17 83
17 18 12
18 19 4
19 0 101
O133
24 24
0 0
1 0
2 0
3 47
4 18
5 0
6 0
7 0
8 47
9 18
10 0
11 0
12 0
13 47
14 18
15 0
16 0
17 0
18 47
19 18
20 10
21 10
22 10
23 10
0 1 6
1 2 6
2 3 5
3 4 4
4 5 4
5 6 6
6 7 6
7 8 5
8 9 4
9 10 4
10 11 6
11 12 6
12 13 5
13 14 4
14 15 4
15 16 6
16 17 6
17 18 5
18 19 4
19 0 4
20 3 4
21 8 4
22 13 4
23 18 4
O131
4 4
0 31
1 15
2 15
3 24
0 1 83
1 2 12
2 3 4
3 0 101
O134
4 4
0 46
1 15
2 19
3 24
0 1 12
1 2 12
2 3 4
3 0 5
O131
4 4
0 31
1 15
2 15
3 24
0 1 83
1 2 12
2 3 4
3 0 101
O135
5 5
0 10
1 0
2 0
3 26
4 2
0 4 12
1 2 6
2 3 4
3 4 4
4 1 6
O131
12 12
0 31
1 15
2 15
3 24
4 31
5 15
6 15
7 24
8 31
9 15
10 15
11 24
0 1 83
1 2 12
2 3 4
3 4 101
4 5 83
5 6 12
6 7 4
7 8 101
8 9 83
9 10 12
10 11 4
11 0 101
O136
12 12
0 102
1 15
2 2
3 102
4 15
5 2
6 102
7 15
8 2
9 102
10 15
11 2
0 1 55
1 2 5
2 3 5
3 4 55
4 5 5
5 6 5
6 7 55
7 8 5
8 9 5
9 10 55
10 11 5
11 0 5
O131
12 12
0 31
1 15
2 15
3 24
4 31
5 15
6 15
7 24
8 31
9 15
10 15
11 24
0 1 83
1 2 12
2 3 4
3 4 101
4 5 83
5 6 12
6 7 4
7 8 101
8 9 83
9 10 12
10 11 4
11 0 101
O137
16 16
0 19
1 19
2 19
3 19
4 18
5 29
6 2
7 18
8 29
9 2
10 18
11 29
12 2
13 18
14 29
15 2
0 4 5
1 7 5
2 10 5
3 13 5
4 5 5
5 6 5
6 7 12
7 8 5
8 9 5
9 10 12
10 11 5
11 12 5
12 13 12
13 14 5
14 15 5
15 4 12
O131
4 4
0 31
1 15
2 15
3 24
0 1 83
1 2 12
2 3 4
3 0 101
O138
4 4
0 0
1 0
2 78
3 2
0 1 4
1 2 5
2 3 4
3 0 6
O131
12 12
0 31
1 15
2 15
3 24
4 31
5 15
6 15
7 24
8 31
9 15
10 15
11 24
0 1 83
1 2 12
2 3 4
3 4 101
4 5 83
5 6 12
6 7 4
7 8 101
8 9 83
9 10 12
10 11 4
11 0 101
O139
14 14
0 19
1 19
2 0
3 47
4 0
5 0
6 0
7 18
8 0
9 47
10 0
11 0
12 0
13 18
0 4 4
1 10 4
2 3 5
3 4 6
4 5 4
5 6 6
6 7 4
7 8 4
8 9 5
9 10 6
10 11 4
11 12 6
12 13 4
13 2 4
O131
4 4
0 31
1 15
2 15
3 24
0 1 83
1 2 12
2 3 4
3 0 101
O140
6 6
0 69
1 0
2 15
3 10
4 29
5 24
0 1 6
1 2 5
2 3 5
3 4 5
4 5 4
5 2 4
O131
12 12
0 31
1 15
2 15
3 24
4 31
5 15
6 15
7 24
8 31
9 15
10 15
11 24
0 1 83
1 2 12
2 3 4
3 4 101
4 5 83
5 6 12
6 7 4
7 8 101
8 9 83
9 10 12
10 11 4
11 0 101
O141
20 20
0 0
1 0
2 0
3 0
4 21
5 103
6 2
7 21
8 103
9 2
10 21
11 103
12 2
13 21
14 103
15 2
16 29
17 29
18 29
19 29
0 4 4
1 7 4
2 10 4
3 13 4
4 5 4
5 6 4
6 7 5
7 8 4
8 9 4
9 10 5
10 11 4
11 12 4
12 13 5
13 14 4
14 15 4
15 4 5
16 4 6
17 7 6
18 10 6
19 13 6
O131
4 4
0 31
1 15
2 15
3 24
0 1 83
1 2 12
2 3 4
3 0 101
O142
5 5
0 0
1 16
2 16
3 16
4 2
0 1 12
1 2 5
2 3 4
3 0 6
4 2 4
O131
4 4
0 31
1 15
2 15
3 24
0 1 83
1 2 12
2 3 4
3 0 101
O143
5 5
0 99
1 59
2 16
3 29
4 2
0 1 104
1 2 4
2 3 5
3 4 4
4 1 6
O131
12 12
0 31
1 15
2 15
3 24
4 31
5 15
6 15
7 24
8 31
9 15
10 15
11 24
0 1 83
1 2 12
2 3 4
3 4 101
4 5 83
5 6 12
6 7 4
7 8 101
8 9 83
9 10 12
10 11 4
11 0 101
O145
12 12
0 31
1 90
2 2
3 31
4 90
5 2
6 31
7 90
8 2
9 31
10 90
11 2
0 1 33
1 2 4
2 3 5
3 4 33
4 5 4
5 6 5
6 7 33
7 8 4
8 9 5
9 10 33
10 11 4
11 0 5
O131
4 4
0 31
1 15
2 15
3 24
0 1 83
1 2 12
2 3 4
3 0 101
O146
5 5
0 105
1 0
2 0
3 15
4 24
0 1 4
1 2 6
2 3 5
3 4 4
4 1 6
O131
4 4
0 31
1 15
2 15
3 24
0 1 83
1 2 12
2 3 4
3 0 101
O147
4 4
0 0
1 0
2 59
3 24
0 1 6
1 2 5
2 3 4
3 0 6
O131
4 4
0 31
1 15
2 15
3 24
0 1 83
1 2 12
2 3 4
3 0 101
O148
4 4
0 0
1 0
2 10
3 18
0 1 4
1 2 6
2 3 4
3 0 4
O131
12 12
0 31
1 15
2 15
3 24
4 31
5 15
6 15
7 24
8 31
9 15
10 15
11 24
0 1 83
1 2 12
2 3 4
3 4 101
4 5 83
5 6 12
6 7 4
7 8 101
8 9 83
9 10 12
10 11 4
11 0 101
O149
12 12
0 87
1 1
2 2
3 87
4 1
5 2
6 87
7 1
8 2
9 87
10 1
11 2
0 1 4
1 2 5
2 3 4
3 4 4
4 5 5
5 6 4
6 7 4
7 8 5
8 9 4
9 10 4
10 11 5
11 0 4
O131
20 20
0 31
1 15
2 15
3 24
4 31
5 15
6 15
7 24
8 31
9 15
10 15
11 24
12 31
13 15
14 15
15 24
16 31
17 15
18 15
19 24
0 1 83
1 2 12
2 3 4
3 4 101
4 5 83
5 6 12
6 7 4
7 8 101
8 9 83
9 10 12
10 11 4
11 12 101
12 13 83
13 14 12
14 15 4
15 16 101
16 17 83
17 18 12
18 19 4
19 0 101
O150
24 24
0 19
1 19
2 19
3 19
4 106
5 0
6 0
7 0
8 2
9 106
10 0
11 0
12 0
13 2
14 106
15 0
16 0
17 0
18 2
19 106
20 0
21 0
22 0
23 2
0 7 6
1 12 6
2 17 6
3 22 6
4 5 6
5 6 6
6 7 4
7 8 4
8 9 4
9 10 6
10 11 6
11 12 4
12 13 4
13 14 4
14 15 6
15 16 6
16 17 4
17 18 4
18 19 4
19 20 6
20 21 6
21 22 4
22 23 4
23 4 4
O131
4 4
0 31
1 15
2 15
3 24
0 1 83
1 2 12
2 3 4
3 0 101
O151
5 5
0 2
1 89
2 7
3 90
4 2
0 4 5
1 2 91
2 3 4
3 4 4
4 1 6
O131
4 4
0 31
1 15
2 15
3 24
0 1 83
1 2 12
2 3 4
3 0 101
O152
5 5
0 1
1 18
2 10
3 19
4 2
0 1 5
1 2 107
2 3 6
3 4 4
4 1 4
O131
20 20
0 31
1 15
2 15
3 24
4 31
5 15
6 15
7 24
8 31
9 15
10 15
11 24
12 31
13 15
14 15
15 24
16 31
17 15
18 15
19 24
0 1 83
1 2 12
2 3 4
3 4 101
4 5 83
5 6 12
6 7 4
7 8 101
8 9 83
9 10 12
10 11 4
11 12 101
12 13 83
13 14 12
14 15 4
15 16 101
16 17 83
17 18 12
18 19 4
19 0 101
O153
20 20
0 14
1 15
2 18
3 15
4 18
5 14
6 15
7 18
8 15
9 18
10 14
11 15
12 18
13 15
14 18
15 14
16 15
17 18
18 15
19 18
0 1 5
1 2 5
2 3 5
3 4 4
4 5 6
5 6 5
6 7 5
7 8 5
8 9 4
9 10 6
10 11 5
11 12 5
12 13 5
13 14 4
14 15 6
15 16 5
16 17 5
17 18 5
18 19 4
19 0 6
O131
4 4
0 31
1 15
2 15
3 24
0 1 83
1 2 12
2 3 4
3 0 101
O154
5 5
0 57
1 0
2 0
3 0
4 16
0 1 4
1 2 4
2 3 4
3 4 4
4 1 6
O131
12 12
0 31
1 15
2 15
3 24
4 31
5 15
6 15
7 24
8 31
9 15
10 15
11 24
0 1 83
1 2 12
2 3 4
3 4 101
4 5 83
5 6 12
6 7 4
7 8 101
8 9 83
9 10 12
10 11 4
11 0 101
O155
20 20
0 59
1 59
2 59
3 59
4 7
5 15
6 24
7 7
8 15
9 24
10 7
11 15
12 24
13 7
14 15
15 24
16 7
17 7
18 7
19 7
0 4 5
1 7 5
2 10 5
3 13 5
4 5 4
5 6 4
6 7 4
7 8 4
8 9 4
9 10 4
10 11 4
11 12 4
12 13 4
13 14 4
14 15 4
15 4 4
16 5 12
17 8 12
18 11 12
19 14 12
O131
4 4
0 31
1 15
2 15
3 24
0 1 83
1 2 12
2 3 4
3 0 101
O156
5 5
0 23
1 7
2 23
3 2
4 108
0 1 12
1 2 4
2 3 4
3 0 5
4 0 4
O131
4 4
0 31
1 15
2 15
3 24
0 1 83
1 2 12
2 3 4
3 0 101
O157
4 4
0 109
1 23
2 19
3 16
0 1 4
1 2 5
2 3 4
3 0 6
O131
12 12
0 31
1 15
2 15
3 24
4 31
5 15
6 15
7 24
8 31
9 15
10 15
11 24
0 1 83
1 2 12
2 3 4
3 4 101
4 5 83
5 6 12
6 7 4
7 8 101
8 9 83
9 10 12
10 11 4
11 0 101
O158 ab
20 20
0 10
1 10
2 10
3 10
4 10
5 16
6 24
7 10
8 16
9 24
10 10
11 16
12 24
13 10
14 16
15 24
16 0
17 0
18 0
19 0
0 4 12
1 7 12
2 10 12
3 13 12
4 5 4
5 6 4
6 7 5
7 8 4
8 9 4
9 10 5
10 11 4
11 12 4
12 13 5
13 14 4
14 15 4
15 4 5
16 4 4
17 7 4
18 10 4
19 13 4
O131
12 12
0 31
1 15
2 15
3 24
4 31
5 15
6 15
7 24
8 31
9 15
10 15
11 24
0 1 83
1 2 12
2 3 4
3 4 101
4 5 83
5 6 12
6 7 4
7 8 101
8 9 83
9 10 12
10 11 4
11 0 101
O158 ac
20 20
0 0
1 0
2 0
3 0
4 3
5 47
6 2
7 3
8 47
9 2
10 3
11 47
12 2
13 3
14 47
15 2
16 19
17 19
18 19
19 19
0 4 4
1 7 4
2 10 4
3 13 4
4 5 5
5 6 4
6 7 5
7 8 5
8 9 4
9 10 5
10 11 5
11 12 4
12 13 5
13 14 5
14 15 4
15 4 5
16 4 12
17 7 12
18 10 12
19 13 12
O131
4 4
0 31
1 15
2 15
3 24
0 1 83
1 2 12
2 3 4
3 0 101
O159
5 5
0 23
1 2
2 47
3 23
4 2
0 1 5
1 2 5
2 3 4
3 4 4
4 1 4
O131
4 4
0 31
1 15
2 15
3 24
0 1 83
1 2 12
2 3 4
3 0 101
O160
5 5
0 19
1 2
2 7
3 15
4 24
0 1 12
1 2 4
2 3 107
3 4 4
4 1 5
O131
12 12
0 31
1 15
2 15
3 24
4 31
5 15
6 15
7 24
8 31
9 15
10 15
11 24
0 1 83
1 2 12
2 3 4
3 4 101
4 5 83
5 6 12
6 7 4
7 8 101
8 9 83
9 10 12
10 11 4
11 0 101
O161
12 12
0 110
1 29
2 2
3 110
4 29
5 2
6 110
7 29
8 2
9 110
10 29
11 2
0 1 55
1 2 4
2 3 101
3 4 55
4 5 4
5 6 101
6 7 55
7 8 4
8 9 101
9 10 55
10 11 4
11 0 101
O131
4 4
0 31
1 15
2 15
3 24
0 1 83
1 2 12
2 3 4
3 0 101
O163
4 4
0 17
1 29
2 77
3 18
0 1 5
1 2 4
2 3 4
3 0 6
O131
12 12
0 31
1 15
2 15
3 24
4 31
5 15
6 15
7 24
8 31
9 15
10 15
11 24
0 1 83
1 2 12
2 3 4
3 4 101
4 5 83
5 6 12
6 7 4
7 8 101
8 9 83
9 10 12
10 11 4
11 0 101
O164
20 20
0 19
1 10
2 19
3 10
4 19
5 10
6 19
7 10
8 15
9 25
10 24
11 15
12 25
13 24
14 15
15 25
16 24
17 15
18 25
19 24
0 1 12
1 8 5
2 3 12
3 11 5
4 5 12
5 14 5
6 7 12
7 17 5
8 9 12
9 10 4
10 11 4
11 12 12
12 13 4
13 14 4
14 15 12
15 16 4
16 17 4
17 18 12
18 19 4
19 8 4
O131
4 4
0 31
1 15
2 15
3 24
0 1 83
1 2 12
2 3 4
3 0 101
O165
4 4
0 111
1 15
2 19
3 18
0 1 83
1 2 5
2 3 4
3 0 101
O131
4 4
0 31
1 15
2 15
3 24
0 1 83
1 2 12
2 3 4
3 0 101
O166
5 5
0 7
1 7
2 16
3 24
4 19
0 1 12
1 2 5
2 3 4
3 0 4
4 2 4
O131
20 20
0 31
1 15
2 15
3 24
4 31
5 15
6 15
7 24
8 31
9 15
10 15
11 24
12 31
13 15
14 15
15 24
16 31
17 15
18 15
19 24
0 1 83
1 2 12
2 3 4
3 4 101
4 5 83
5 6 12
6 7 4
7 8 101
8 9 83
9 10 12
10 11 4
11 12 101
12 13 83
13 14 12
14 15 4
15 16 101
16 17 83
17 18 12
18 19 4
19 0 101
O167
24 24
0 69
1 69
2 69
3 69
4 112
5 18
6 25
7 25
8 2
9 112
10 18
11 25
12 25
13 2
14 112
15 18
16 25
17 25
18 2
19 112
20 18
21 25
22 25
23 2
0 4 5
1 9 5
2 14 5
3 19 5
4 5 4
5 6 6
6 7 56
7 8 4
8 9 6
9 10 4
10 11 6
11 12 56
12 13 4
13 14 6
14 15 4
15 16 6
16 17 56
17 18 4
18 19 6
19 20 4
20 21 6
21 22 56
22 23 4
23 4 6
O131
4 4
0 31
1 15
2 15
3 24
0 1 83
1 2 12
2 3 4
3 0 101
O168
5 5
0 23
1 18
2 74
3 23
4 2
0 1 4
1 2 5
2 3 4
3 4 4
4 1 5
O131
4 4
0 31
1 15
2 15
3 24
0 1 83
1 2 12
2 3 4
3 0 101
O169
6 6
0 19
1 7
2 21
3 21
4 24
5 29
0 1 12
1 2 12
2 3 6
3 4 4
4 1 4
5 1 5
O131
4 4
0 31
1 15
2 15
3 24
0 1 83
1 2 12
2 3 4
3 0 101
O170
5 5
0 2
1 29
2 25
3 2
4 25
0 1 5
1 2 4
2 3 4
3 0 5
4 0 4
O131
20 20
0 31
1 15
2 15
3 24
4 31
5 15
6 15
7 24
8 31
9 15
10 15
11 24
12 31
13 15
14 15
15 24
16 31
17 15
18 15
19 24
0 1 83
1 2 12
2 3 4
3 4 101
4 5 83
5 6 12
6 7 4
7 8 101
8 9 83
9 10 12
10 11 4
11 12 101
12 13 83
13 14 12
14 15 4
15 16 101
16 17 83
17 18 12
18 19 4
19 0 101
O171
20 20
0 81
1 15
2 19
3 15
4 24
5 81
6 15
7 19
8 15
9 24
10 81
11 15
12 19
13 15
14 24
15 81
16 15
17 19
18 15
19 24
0 1 83
1 2 12
2 3 4
3 4 4
4 5 5
5 6 83
6 7 12
7 8 4
8 9 4
9 10 5
10 11 83
11 12 12
12 13 4
13 14 4
14 15 5
15 16 83
16 17 12
17 18 4
18 19 4
19 0 5
O131
20 20
0 31
1 15
2 15
3 24
4 31
5 15
6 15
7 24
8 31
9 15
10 15
11 24
12 31
13 15
14 15
15 24
16 31
17 15
18 15
19 24
0 1 83
1 2 12
2 3 4
3 4 101
4 5 83
5 6 12
6 7 4
7 8 101
8 9 83
9 10 12
10 11 4
11 12 101
12 13 83
13 14 12
14 15 4
15 16 101
16 17 83
17 18 12
18 19 4
19 0 101
O172
20 20
0 11
1 113
2 10
3 11
4 18
5 11
6 113
7 10
8 11
9 18
10 11
11 113
12 10
13 11
14 18
15 11
16 113
17 10
18 11
19 18
0 1 5
1 2 114
2 3 4
3 4 4
4 5 4
5 6 5
6 7 114
7 8 4
8 9 4
9 10 4
10 11 5
11 12 114
12 13 4
13 14 4
14 15 4
15 16 5
16 17 114
17 18 4
18 19 4
19 0 4
O131
4 4
0 31
1 15
2 15
3 24
0 1 83
1 2 12
2 3 4
3 0 101
O173
5 5
0 23
1 10
2 10
3 19
4 2
0 1 5
1 2 107
2 3 6
3 4 4
4 1 4
O131
12 12
0 31
1 15
2 15
3 24
4 31
5 15
6 15
7 24
8 31
9 15
10 15
11 24
0 1 83
1 2 12
2 3 4
3 4 101
4 5 83
5 6 12
6 7 4
7 8 101
8 9 83
9 10 12
10 11 4
11 0 101
O174 ab
16 16
0 2
1 2
2 2
3 2
4 29
5 15
6 24
7 29
8 15
9 24
10 29
11 15
12 24
13 29
14 15
15 24
0 4 6
1 7 6
2 10 6
3 13 6
4 5 4
5 6 4
6 7 5
7 8 4
8 9 4
9 10 5
10 11 4
11 12 4
12 13 5
13 14 4
14 15 4
15 4 5
O131
12 12
0 31
1 15
2 15
3 24
4 31
5 15
6 15
7 24
8 31
9 15
10 15
11 24
0 1 83
1 2 12
2 3 4
3 4 101
4 5 83
5 6 12
6 7 4
7 8 101
8 9 83
9 10 12
10 11 4
11 0 101
O174 ac
16 16
0 2
1 2
2 2
3 2
4 29
5 15
6 2
7 29
8 15
9 2
10 29
11 15
12 2
13 29
14 15
15 2
0 4 6
1 7 6
2 10 6
3 13 6
4 5 4
5 6 4
6 7 5
7 8 4
8 9 4
9 10 5
10 11 4
11 12 4
12 13 5
13 14 4
14 15 4
15 4 5
O131
20 20
0 31
1 15
2 15
3 24
4 31
5 15
6 15
7 24
8 31
9 15
10 15
11 24
12 31
13 15
14 15
15 24
16 31
17 15
18 15
19 24
0 1 83
1 2 12
2 3 4
3 4 101
4 5 83
5 6 12
6 7 4
7 8 101
8 9 83
9 10 12
10 11 4
11 12 101
12 13 83
13 14 12
14 15 4
15 16 101
16 17 83
17 18 12
18 19 4
19 0 101
O175
20 20
0 10
1 74
2 21
3 21
4 24
5 10
6 74
7 21
8 21
9 24
10 10
11 74
12 21
13 21
14 24
15 10
16 74
17 21
18 21
19 24
0 1 5
1 2 4
2 3 6
3 4 4
4 5 6
5 6 5
6 7 4
7 8 6
8 9 4
9 10 6
10 11 5
11 12 4
12 13 6
13 14 4
14 15 6
15 16 5
16 17 4
17 18 6
18 19 4
19 0 6
O131
4 4
0 31
1 15
2 15
3 24
0 1 83
1 2 12
2 3 4
3 0 101
O176
4 4
0 21
1 21
2 17
3 16
0 1 6
1 2 6
2 3 4
3 0 5
O131
4 4
0 31
1 15
2 15
3 24
0 1 83
1 2 12
2 3 4
3 0 101
O177
4 4
0 0
1 11
2 11
3 2
0 1 4
1 2 4
2 3 4
3 0 6
O131
20 20
0 31
1 15
2 15
3 24
4 31
5 15
6 15
7 24
8 31
9 15
10 15
11 24
12 31
13 15
14 15
15 24
16 31
17 15
18 15
19 24
0 1 83
1 2 12
2 3 4
3 4 101
4 5 83
5 6 12
6 7 4
7 8 101
8 9 83
9 10 12
10 11 4
11 12 101
12 13 83
13 14 12
14 15 4
15 16 101
16 17 83
17 18 12
18 19 4
19 0 101
O178
20 20
0 18
1 47
2 14
3 15
4 24
5 18
6 47
7 14
8 15
9 24
10 18
11 47
12 14
13 15
14 24
15 18
16 47
17 14
18 15
19 24
0 1 5
1 2 6
2 3 5
3 4 4
4 5 5
5 6 5
6 7 6
7 8 5
8 9 4
9 10 5
10 11 5
11 12 6
12 13 5
13 14 4
14 15 5
15 16 5
16 17 6
17 18 5
18 19 4
19 0 5
O131
4 4
0 31
1 15
2 15
3 24
0 1 83
1 2 12
2 3 4
3 0 101
O180
4 4
0 115
1 0
2 1
3 18
0 1 6
1 2 4
2 3 5
3 0 5
O131
4 4
0 31
1 15
2 15
3 24
0 1 83
1 2 12
2 3 4
3 0 101
O181
5 5
0 77
1 116
2 10
3 77
4 2
0 1 4
1 2 12
2 3 114
3 4 4
4 1 5
O131
12 12
0 31
1 15
2 15
3 24
4 31
5 15
6 15
7 24
8 31
9 15
10 15
11 24
0 1 83
1 2 12
2 3 4
3 4 101
4 5 83
5 6 12
6 7 4
7 8 101
8 9 83
9 10 12
10 11 4
11 0 101
O182
16 16
0 2
1 29
2 2
3 2
4 29
5 2
6 2
7 29
8 2
9 2
10 29
11 2
12 117
13 117
14 117
15 117
0 1 5
1 2 4
2 3 5
3 4 5
4 5 4
5 6 5
6 7 5
7 8 4
8 9 5
9 10 5
10 11 4
11 0 5
12 0 4
13 3 4
14 6 4
15 9 4
O131
4 4
0 31
1 15
2 15
3 24
0 1 83
1 2 12
2 3 4
3 0 101
O183
6 6
0 14
1 29
2 15
3 21
4 21
5 24
0 1 5
1 2 5
2 3 12
3 4 6
4 5 4
5 2 4
O131
4 4
0 31
1 15
2 15
3 24
0 1 83
1 2 12
2 3 4
3 0 101
O184
4 4
0 118
1 103
2 23
3 16
0 1 4
1 2 4
2 3 4
3 0 6
O131
20 20
0 31
1 15
2 15
3 24
4 31
5 15
6 15
7 24
8 31
9 15
10 15
11 24
12 31
13 15
14 15
15 24
16 31
17 15
18 15
19 24
0 1 83
1 2 12
2 3 4
3 4 101
4 5 83
5 6 12
6 7 4
7 8 101
8 9 83
9 10 12
10 11 4
11 12 101
12 13 83
13 14 12
14 15 4
15 16 101
16 17 83
17 18 12
18 19 4
19 0 101
O185
20 20
0 24
1 29
2 14
3 15
4 16
5 24
6 29
7 14
8 15
9 16
10 24
11 29
12 14
13 15
14 16
15 24
16 29
17 14
18 15
19 16
0 1 6
1 2 4
2 3 5
3 4 4
4 5 5
5 6 6
6 7 4
7 8 5
8 9 4
9 10 5
10 11 6
11 12 4
12 13 5
13 14 4
14 15 5
15 16 6
16 17 4
17 18 5
18 19 4
19 0 5
O131
4 4
0 31
1 15
2 15
3 24
0 1 83
1 2 12
2 3 4
3 0 101
O186
4 4
0 95
1 10
2 77
3 28
0 1 12
1 2 4
2 3 4
3 0 4
O131
12 12
0 31
1 15
2 15
3 24
4 31
5 15
6 15
7 24
8 31
9 15
10 15
11 24
0 1 83
1 2 12
2 3 4
3 4 101
4 5 83
5 6 12
6 7 4
7 8 101
8 9 83
9 10 12
10 11 4
11 0 101
O187
12 12
0 65
1 18
2 29
3 21
4 21
5 2
6 65
7 18
8 29
9 21
10 21
11 2
0 1 4
1 2 5
2 3 4
3 4 6
4 5 4
5 6 6
6 7 4
7 8 5
8 9 4
9 10 6
10 11 4
11 0 6
O132
5 5
0 69
1 26
2 10
3 0
4 2
0 1 4
1 2 5
2 3 6
3 4 4
4 0 6
O133
6 6
0 0
1 0
2 0
3 47
4 18
5 10
0 1 6
1 2 6
2 3 5
3 4 4
4 0 4
5 3 4
O132
20 20
0 69
1 26
2 10
3 0
4 2
5 69
6 26
7 10
8 0
9 2
10 69
11 26
12 10
13 0
14 2
15 69
16 26
17 10
18 0
19 2
0 1 4
1 2 5
2 3 6
3 4 4
4 5 6
5 6 4
6 7 5
7 8 6
8 9 4
9 10 6
10 11 4
11 12 5
12 13 6
13 14 4
14 15 6
15 16 4
16 17 5
17 18 6
18 19 4
19 0 6
O134
20 20
0 46
1 15
2 19
3 24
4 46
5 15
6 19
7 24
8 46
9 15
10 19
11 24
12 46
13 15
14 19
15 24
16 46
17 15
18 19
19 24
0 1 12
1 2 12
2 3 4
3 4 5
4 5 12
5 6 12
6 7 4
7 8 5
8 9 12
9 10 12
10 11 4
11 12 5
12 13 12
13 14 12
14 15 4
15 16 5
16 17 12
17 18 12
18 19 4
19 0 5
O132
20 20
0 69
1 26
2 10
3 0
4 2
5 69
6 26
7 10
8 0
9 2
10 69
11 26
12 10
13 0
14 2
15 69
16 26
17 10
18 0
19 2
0 1 4
1 2 5
2 3 6
3 4 4
4 5 6
5 6 4
6 7 5
7 8 6
8 9 4
9 10 6
10 11 4
11 12 5
12 13 6
13 14 4
14 15 6
15 16 4
16 17 5
17 18 6
18 19 4
19 0 6
O135
25 25
0 10
1 10
2 10
3 10
4 10
5 0
6 0
7 26
8 2
9 0
10 0
11 26
12 2
13 0
14 0
15 26
16 2
17 0
18 0
19 26
20 2
21 0
22 0
23 26
24 2
0 8 12
1 12 12
2 16 12
3 20 12
4 24 12
5 6 6
6 7 4
7 8 4
8 9 6
9 10 6
10 11 4
11 12 4
12 13 6
13 14 6
14 15 4
15 16 4
16 17 6
17 18 6
18 19 4
19 20 4
20 21 6
21 22 6
22 23 4
23 24 4
24 5 6
O132
15 15
0 69
1 26
2 10
3 0
4 2
5 69
6 26
7 10
8 0
9 2
10 69
11 26
12 10
13 0
14 2
0 1 4
1 2 5
2 3 6
3 4 4
4 5 6
5 6 4
6 7 5
7 8 6
8 9 4
9 10 6
10 11 4
11 12 5
12 13 6
13 14 4
14 0 6
O136
15 15
0 102
1 15
2 2
3 102
4 15
5 2
6 102
7 15
8 2
9 102
10 15
11 2
12 102
13 15
14 2
0 1 55
1 2 5
2 3 5
3 4 55
4 5 5
5 6 5
6 7 55
7 8 5
8 9 5
9 10 55
10 11 5
11 12 5
12 13 55
13 14 5
14 0 5
O132
15 15
0 69
1 26
2 10
3 0
4 2
5 69
6 26
7 10
8 0
9 2
10 69
11 26
12 10
13 0
14 2
0 1 4
1 2 5
2 3 6
3 4 4
4 5 6
5 6 4
6 7 5
7 8 6
8 9 4
9 10 6
10 11 4
11 12 5
12 13 6
13 14 4
14 0 6
O137
20 20
0 19
1 19
2 19
3 19
4 19
5 18
6 29
7 2
8 18
9 29
10 2
11 18
12 29
13 2
14 18
15 29
16 2
17 18
18 29
19 2
0 5 5
1 8 5
2 11 5
3 14 5
4 17 5
5 6 5
6 7 5
7 8 12
8 9 5
9 10 5
10 11 12
11 12 5
12 13 5
13 14 12
14 15 5
15 16 5
16 17 12
17 18 5
18 19 5
19 5 12
O132
20 20
0 69
1 26
2 10
3 0
4 2
5 69
6 26
7 10
8 0
9 2
10 69
11 26
12 10
13 0
14 2
15 69
16 26
17 10
18 0
19 2
0 1 4
1 2 5
2 3 6
3 4 4
4 5 6
5 6 4
6 7 5
7 8 6
8 9 4
9 10 6
10 11 4
11 12 5
12 13 6
13 14 4
14 15 6
15 16 4
16 17 5
17 18 6
18 19 4
19 0 6
O138
20 20
0 0
1 0
2 78
3 2
4 0
5 0
6 78
7 2
8 0
9 0
10 78
11 2
12 0
13 0
14 78
15 2
16 0
17 0
18 78
19 2
0 1 4
1 2 5
2 3 4
3 4 6
4 5 4
5 6 5
6 7 4
7 8 6
8 9 4
9 10 5
10 11 4
11 12 6
12 13 4
13 14 5
14 15 4
15 16 6
16 17 4
17 18 5
18 19 4
19 0 6
O132
30 30
0 69
1 26
2 10
3 0
4 2
5 69
6 26
7 10
8 0
9 2
10 69
11 26
12 10
13 0
14 2
15 69
16 26
17 10
18 0
19 2
20 69
21 26
22 10
23 0
24 2
25 69
26 26
27 10
28 0
29 2
0 1 4
1 2 5
2 3 6
3 4 4
4 5 6
5 6 4
6 7 5
7 8 6
8 9 4
9 10 6
10 11 4
11 12 5
12 13 6
13 14 4
14 15 6
15 16 4
16 17 5
17 18 6
18 19 4
19 20 6
20 21 4
21 22 5
22 23 6
23 24 4
24 25 6
25 26 4
26 27 5
27 28 6
28 29 4
29 0 6
O139
35 35
0 19
1 19
2 19
3 19
4 19
5 0
6 47
7 0
8 0
9 0
10 18
11 0
12 47
13 0
14 0
15 0
16 18
17 0
18 47
19 0
20 0
21 0
22 18
23 0
24 47
25 0
26 0
27 0
28 18
29 0
30 47
31 0
32 0
33 0
34 18
0 7 4
1 13 4
2 19 4
3 25 4
4 31 4
5 6 5
6 7 6
7 8 4
8 9 6
9 10 4
10 11 4
11 12 5
12 13 6
13 14 4
14 15 6
15 16 4
16 17 4
17 18 5
18 19 6
19 20 4
20 21 6
21 22 4
22 23 4
23 24 5
24 25 6
25 26 4
26 27 6
27 28 4
28 29 4
29 30 5
30 31 6
31 32 4
32 33 6
33 34 4
34 5 4
O132
20 20
0 69
1 26
2 10
3 0
4 2
5 69
6 26
7 10
8 0
9 2
10 69
11 26
12 10
13 0
14 2
15 69
16 26
17 10
18 0
19 2
0 1 4
1 2 5
2 3 6
3 4 4
4 5 6
5 6 4
6 7 5
7 8 6
8 9 4
9 10 6
10 11 4
11 12 5
12 13 6
13 14 4
14 15 6
15 16 4
16 17 5
17 18 6
18 19 4
19 0 6
O140
30 30
0 69
1 0
2 69
3 0
4 69
5 0
6 69
7 0
8 69
9 0
10 15
11 10
12 29
13 24
14 15
15 10
16 29
17 24
18 15
19 10
20 29
21 24
22 15
23 10
24 29
25 24
26 15
27 10
28 29
29 24
0 1 6
1 10 5
2 3 6
3 14 5
4 5 6
5 18 5
6 7 6
7 22 5
8 9 6
9 26 5
10 11 5
11 12 5
12 13 4
13 14 4
14 15 5
15 16 5
16 17 4
17 18 4
18 19 5
19 20 5
20 21 4
21 22 4
22 23 5
23 24 5
24 25 4
25 26 4
26 27 5
27 28 5
28 29 4
29 10 4
O132
15 15
0 69
1 26
2 10
3 0
4 2
5 69
6 26
7 10
8 0
9 2
10 69
11 26
12 10
13 0
14 2
0 1 4
1 2 5
2 3 6
3 4 4
4 5 6
5 6 4
6 7 5
7 8 6
8 9 4
9 10 6
10 11 4
11 12 5
12 13 6
13 14 4
14 0 6
O141
25 25
0 0
1 0
2 0
3 0
4 0
5 21
6 103
7 2
8 21
9 103
10 2
11 21
12 103
13 2
14 21
15 103
16 2
17 21
18 103
19 2
20 29
21 29
22 29
23 29
24 29
0 5 4
1 8 4
2 11 4
3 14 4
4 17 4
5 6 4
6 7 4
7 8 5
8 9 4
9 10 4
10 11 5
11 12 4
12 13 4
13 14 5
14 15 4
15 16 4
16 17 5
17 18 4
18 19 4
19 5 5
20 5 6
21 8 6
22 11 6
23 14 6
24 17 6
O132
20 20
0 69
1 26
2 10
3 0
4 2
5 69
6 26
7 10
8 0
9 2
10 69
11 26
12 10
13 0
14 2
15 69
16 26
17 10
18 0
19 2
0 1 4
1 2 5
2 3 6
3 4 4
4 5 6
5 6 4
6 7 5
7 8 6
8 9 4
9 10 6
10 11 4
11 12 5
12 13 6
13 14 4
14 15 6
15 16 4
16 17 5
17 18 6
18 19 4
19 0 6
O142
25 25
0 0
1 16
2 16
3 16
4 0
5 16
6 16
7 16
8 0
9 16
10 16
11 16
12 0
13 16
14 16
15 16
16 0
17 16
18 16
19 16
20 2
21 2
22 2
23 2
24 2
0 1 12
1 2 5
2 3 4
3 4 6
4 5 12
5 6 5
6 7 4
7 8 6
8 9 12
9 10 5
10 11 4
11 12 6
12 13 12
13 14 5
14 15 4
15 16 6
16 17 12
17 18 5
18 19 4
19 0 6
20 2 4
21 6 4
22 10 4
23 14 4
24 18 4
O132
20 20
0 69
1 26
2 10
3 0
4 2
5 69
6 26
7 10
8 0
9 2
10 69
11 26
12 10
13 0
14 2
15 69
16 26
17 10
18 0
19 2
0 1 4
1 2 5
2 3 6
3 4 4
4 5 6
5 6 4
6 7 5
7 8 6
8 9 4
9 10 6
10 11 4
11 12 5
12 13 6
13 14 4
14 15 6
15 16 4
16 17 5
17 18 6
18 19 4
19 0 6
O143
25 25
0 99
1 99
2 99
3 99
4 99
5 59
6 16
7 29
8 2
9 59
10 16
11 29
12 2
13 59
14 16
15 29
16 2
17 59
18 16
19 29
20 2
21 59
22 16
23 29
24 2
0 5 104
1 9 104
2 13 104
3 17 104
4 21 104
5 6 4
6 7 5
7 8 4
8 9 6
9 10 4
10 11 5
11 12 4
12 13 6
13 14 4
14 15 5
15 16 4
16 17 6
17 18 4
18 19 5
19 20 4
20 21 6
21 22 4
22 23 5
23 24 4
24 5 6
O132
15 15
0 69
1 26
2 10
3 0
4 2
5 69
6 26
7 10
8 0
9 2
10 69
11 26
12 10
13 0
14 2
0 1 4
1 2 5
2 3 6
3 4 4
4 5 6
5 6 4
6 7 5
7 8 6
8 9 4
9 10 6
10 11 4
11 12 5
12 13 6
13 14 4
14 0 6
O145
15 15
0 31
1 90
2 2
3 31
4 90
5 2
6 31
7 90
8 2
9 31
10 90
11 2
12 31
13 90
14 2
0 1 33
1 2 4
2 3 5
3 4 33
4 5 4
5 6 5
6 7 33
7 8 4
8 9 5
9 10 33
10 11 4
11 12 5
12 13 33
13 14 4
14 0 5
O132
20 20
0 69
1 26
2 10
3 0
4 2
5 69
6 26
7 10
8 0
9 2
10 69
11 26
12 10
13 0
14 2
15 69
16 26
17 10
18 0
19 2
0 1 4
1 2 5
2 3 6
3 4 4
4 5 6
5 6 4
6 7 5
7 8 6
8 9 4
9 10 6
10 11 4
11 12 5
12 13 6
13 14 4
14 15 6
15 16 4
16 17 5
17 18 6
18 19 4
19 0 6
O146
25 25
0 105
1 105
2 105
3 105
4 105
5 0
6 0
7 15
8 24
9 0
10 0
11 15
12 24
13 0
14 0
15 15
16 24
17 0
18 0
19 15
20 24
21 0
22 0
23 15
24 24
0 5 4
1 9 4
2 13 4
3 17 4
4 21 4
5 6 6
6 7 5
7 8 4
8 9 6
9 10 6
10 11 5
11 12 4
12 13 6
13 14 6
14 15 5
15 16 4
16 17 6
17 18 6
18 19 5
19 20 4
20 21 6
21 22 6
22 23 5
23 24 4
24 5 6
O132
20 20
0 69
1 26
2 10
3 0
4 2
5 69
6 26
7 10
8 0
9 2
10 69
11 26
12 10
13 0
14 2
15 69
16 26
17 10
18 0
19 2
0 1 4
1 2 5
2 3 6
3 4 4
4 5 6
5 6 4
6 7 5
7 8 6
8 9 4
9 10 6
10 11 4
11 12 5
12 13 6
13 14 4
14 15 6
15 16 4
16 17 5
17 18 6
18 19 4
19 0 6
O147
20 20
0 0
1 0
2 59
3 24
4 0
5 0
6 59
7 24
8 0
9 0
10 59
11 24
12 0
13 0
14 59
15 24
16 0
17 0
18 59
19 24
0 1 6
1 2 5
2 3 4
3 4 6
4 5 6
5 6 5
6 7 4
7 8 6
8 9 6
9 10 5
10 11 4
11 12 6
12 13 6
13 14 5
14 15 4
15 16 6
16 17 6
17 18 5
18 19 4
19 0 6
O132
20 20
0 69
1 26
2 10
3 0
4 2
5 69
6 26
7 10
8 0
9 2
10 69
11 26
12 10
13 0
14 2
15 69
16 26
17 10
18 0
19 2
0 1 4
1 2 5
2 3 6
3 4 4
4 5 6
5 6 4
6 7 5
7 8 6
8 9 4
9 10 6
10 11 4
11 12 5
12 13 6
13 14 4
14 15 6
15 16 4
16 17 5
17 18 6
18 19 4
19 0 6
O148
20 20
0 0
1 0
2 10
3 18
4 0
5 0
6 10
7 18
8 0
9 0
10 10
11 18
12 0
13 0
14 10
15 18
16 0
17 0
18 10
19 18
0 1 4
1 2 6
2 3 4
3 4 4
4 5 4
5 6 6
6 7 4
7 8 4
8 9 4
9 10 6
10 11 4
11 12 4
12 13 4
13 14 6
14 15 4
15 16 4
16 17 4
17 18 6
18 19 4
19 0 4
O132
15 15
0 69
1 26
2 10
3 0
4 2
5 69
6 26
7 10
8 0
9 2
10 69
11 26
12 10
13 0
14 2
0 1 4
1 2 5
2 3 6
3 4 4
4 5 6
5 6 4
6 7 5
7 8 6
8 9 4
9 10 6
10 11 4
11 12 5
12 13 6
13 14 4
14 0 6
O149
15 15
0 87
1 1
2 2
3 87
4 1
5 2
6 87
7 1
8 2
9 87
10 1
11 2
12 87
13 1
14 2
0 1 4
1 2 5
2 3 4
3 4 4
4 5 5
5 6 4
6 7 4
7 8 5
8 9 4
9 10 4
10 11 5
11 12 4
12 13 4
13 14 5
14 0 4
O132
5 5
0 69
1 26
2 10
3 0
4 2
0 1 4
1 2 5
2 3 6
3 4 4
4 0 6
O150
6 6
0 19
1 106
2 0
3 0
4 0
5 2
0 4 6
1 2 6
2 3 6
3 4 4
4 5 4
5 1 4
O132
20 20
0 69
1 26
2 10
3 0
4 2
5 69
6 26
7 10
8 0
9 2
10 69
11 26
12 10
13 0
14 2
15 69
16 26
17 10
18 0
19 2
0 1 4
1 2 5
2 3 6
3 4 4
4 5 6
5 6 4
6 7 5
7 8 6
8 9 4
9 10 6
10 11 4
11 12 5
12 13 6
13 14 4
14 15 6
15 16 4
16 17 5
17 18 6
18 19 4
19 0 6
O151
25 25
0 2
1 2
2 2
3 2
4 2
5 89
6 7
7 90
8 2
9 89
10 7
11 90
12 2
13 89
14 7
15 90
16 2
17 89
18 7
19 90
20 2
21 89
22 7
23 90
24 2
0 8 5
1 12 5
2 16 5
3 20 5
4 24 5
5 6 91
6 7 4
7 8 4
8 9 6
9 10 91
10 11 4
11 12 4
12 13 6
13 14 91
14 15 4
15 16 4
16 17 6
17 18 91
18 19 4
19 20 4
20 21 6
21 22 91
22 23 4
23 24 4
24 5 6
O132
20 20
0 69
1 26
2 10
3 0
4 2
5 69
6 26
7 10
8 0
9 2
10 69
11 26
12 10
13 0
14 2
15 69
16 26
17 10
18 0
19 2
0 1 4
1 2 5
2 3 6
3 4 4
4 5 6
5 6 4
6 7 5
7 8 6
8 9 4
9 10 6
10 11 4
11 12 5
12 13 6
13 14 4
14 15 6
15 16 4
16 17 5
17 18 6
18 19 4
19 0 6
O152
25 25
0 1
1 1
2 1
3 1
4 1
5 18
6 10
7 19
8 2
9 18
10 10
11 19
12 2
13 18
14 10
15 19
16 2
17 18
18 10
19 19
20 2
21 18
22 10
23 19
24 2
0 5 5
1 9 5
2 13 5
3 17 5
4 21 5
5 6 107
6 7 6
7 8 4
8 9 4
9 10 107
10 11 6
11 12 4
12 13 4
13 14 107
14 15 6
15 16 4
16 17 4
17 18 107
18 19 6
19 20 4
20 21 4
21 22 107
22 23 6
23 24 4
24 5 4
